2755 2771 2824 1871 1684 1859 2436 2624 2035 7.289999999215979e-07
2755 2773 2834 1863 1685 1852 2332 2599 1989 0.140775541
2749 2780 2834 1871 1681 1855 2349 2602 1987 0.30875016600000293
2764 2773 2819 1869 1682 1861 2468 2619 1975 0.572759781000002
2765 2786 2824 1866 1678 1855 2378 2611 2022 0.7687240989999999
2780 2768 2826 1868 1681 1853 2304 2615 2014 1.0127307100000031
2781 2769 2829 1871 1675 1857 2456 2621 1986 1.436715134
2780 2782 2834 1868 1684 1852 2328 2599 2001 1.6127486510000004
2763 2776 2818 1867 1684 1857 2492 2604 2001 1.8567530740000002
2740 2774 2837 1866 1682 1857 2370 2614 2002 2.0887630600000016
2752 2789 2853 1871 1685 1856 2400 2605 1999 2.414105451000001
2748 2778 2829 1860 1681 1853 2358 2613 1992 2.7860649960000003
2737 2775 2830 1868 1683 1851 2407 2621 2010 2.9100816570000028
2751 2776 2822 1864 1679 1857 2345 2596 1992 3.23813101
2754 2804 2844 1866 1685 1861 2378 2615 1980 3.486061130000003
2765 2787 2856 1868 1681 1857 2308 2604 2003 3.690100751000003
2746 2774 2823 1867 1680 1850 2400 2618 1987 4.158031105000003
2739 2775 2808 1869 1680 1854 2405 2628 1995 4.402043186
2762 2776 2833 1871 1677 1848 2397 2585 1971 4.622093744000001
2757 2761 2853 1868 1676 1860 2438 2601 2008 4.798042658
