2411 2470 2460 1805 1777 1769 1701 1643 1663 7.289999999215979e-07
2415 2470 2469 1813 1774 1767 1704 1645 1659 0.14157125599999887
2408 2462 2475 1809 1772 1767 1705 1645 1659 0.26957487899999677
2422 2476 2463 1805 1773 1774 1704 1644 1658 0.525582490999998
2427 2469 2476 1812 1773 1775 1702 1644 1659 0.8696157949999979
2430 2462 2461 1816 1773 1769 1703 1646 1658 1.097603810999999
2427 2465 2463 1807 1778 1768 1697 1647 1656 1.4736268989999992
2424 2472 2470 1813 1772 1773 1702 1644 1658 1.8455911839999999
2418 2472 2464 1811 1775 1773 1701 1647 1661 2.053565618999997
2419 2465 2460 1812 1774 1766 1699 1647 1656 2.4455825049999973
2424 2480 2463 1813 1771 1766 1703 1643 1658 2.721633235999999
2427 2465 2479 1812 1774 1771 1700 1642 1660 2.8975923599999973
2428 2471 2464 1809 1782 1767 1704 1642 1661 3.1175688899999976
2433 2463 2469 1810 1764 1766 1703 1639 1656 3.382312590999998
2425 2467 2473 1807 1779 1773 1700 1641 1657 3.7863075029999997
2418 2461 2469 1810 1773 1773 1702 1646 1659 3.9582906049999984
2425 2474 2463 1816 1769 1772 1704 1641 1656 4.182315361999997
2407 2453 2473 1812 1777 1768 1702 1643 1658 4.550297790999998
2423 2467 2477 1807 1774 1771 1698 1649 1655 4.762310607
