2422 2452 2476 1823 1783 1787 1721 1661 1638 7.300000000043383e-07
2436 2467 2472 1819 1790 1780 1721 1669 1636 0.1308666659999993
2429 2458 2476 1828 1787 1778 1718 1662 1640 0.35886088099999824
2432 2461 2469 1818 1791 1781 1720 1663 1639 0.5948155270000015
2425 2471 2462 1818 1781 1785 1721 1664 1638 0.8308186749999997
2419 2466 2479 1821 1793 1778 1721 1665 1637 1.1908607290000006
2439 2459 2468 1815 1792 1780 1721 1665 1639 1.4188396280000006
2430 2462 2472 1818 1791 1781 1718 1661 1643 1.750846039999999
2425 2467 2474 1815 1794 1777 1724 1662 1638 1.9948792719999986
2418 2467 2473 1818 1785 1782 1719 1659 1637 2.3668125599999996
2423 2466 2466 1818 1792 1787 1723 1665 1642 2.5908088730000003
2437 2471 2469 1816 1790 1778 1725 1663 1642 2.902823585
2421 2465 2464 1814 1782 1775 1720 1660 1639 3.062808239999999
2418 2457 2477 1816 1789 1773 1720 1664 1638 3.3442980569999996
2421 2473 2477 1819 1792 1783 1721 1669 1637 3.580280419000001
2425 2467 2461 1821 1791 1777 1722 1664 1644 3.832279917000001
2424 2461 2455 1825 1786 1785 1716 1663 1639 4.218416096999999
2430 2463 2470 1818 1784 1782 1723 1659 1641 4.638375998000001
2432 2468 2482 1823 1795 1778 1716 1659 1635 4.774427209999999
2426 2467 2466 1818 1798 1781 1720 1665 1639 4.991182953999999
