2691 1126 2783 1900 1692 1873 2543 2606 2516 7.290000070270253e-07
2712 1129 2804 1902 1685 1874 2570 2605 2517 0.11625351700000408
2716 1135 2828 1899 1689 1869 2517 2612 2522 0.3562439920000031
2691 1140 2801 1892 1690 1871 2595 2632 2535 0.5962169619999997
2718 1136 2799 1905 1689 1870 2529 2592 2475 0.9322267470000014
2707 1134 2790 1897 1687 1867 2525 2627 2544 1.3305776260000073
2702 1134 2774 1905 1688 1869 2537 2613 2469 1.570619519999994
2713 1133 2796 1900 1689 1871 2531 2604 2526 1.766584930999997
2699 1132 2795 1896 1683 1872 2554 2615 2511 2.1666311719999953
2663 1137 2779 1904 1691 1874 2591 2605 2456 2.4706176229999954
2684 1135 2779 1901 1686 1872 2551 2608 2499 2.802603614000006
2705 1134 2765 1903 1690 1873 2589 2620 2531 3.014613878000006
2704 1130 2808 1896 1685 1868 2526 2607 2505 3.258599337000007
2706 1129 2780 1898 1688 1873 2507 2613 2490 3.598620518000004
2728 1132 2802 1897 1684 1875 2545 2621 2497 3.818637160999998
2710 1133 2819 1900 1688 1875 2512 2597 2533 4.178613209000005
2712 1126 2800 1896 1686 1872 2562 2624 2497 4.518646789000002
2720 1128 2784 1899 1684 1875 2515 2606 2469 4.754630243999998
