2417 2473 2468 1809 1774 1760 1704 1668 1682 1.0939999981474102e-06
2424 2467 2471 1806 1781 1765 1703 1661 1680 0.13294237999999936
2421 2471 2468 1804 1773 1768 1706 1665 1678 0.35692629400000087
2419 2465 2466 1802 1774 1766 1706 1663 1681 0.6009423859999998
2429 2466 2468 1803 1775 1761 1705 1667 1677 0.8408974879999995
2410 2472 2473 1805 1775 1764 1708 1667 1683 1.176951398
2441 2464 2467 1805 1771 1767 1704 1660 1677 1.4288797849999995
2419 2459 2470 1809 1771 1764 1710 1663 1679 1.7329402649999999
2418 2458 2465 1814 1772 1766 1706 1668 1678 2.0750079859999992
2425 2462 2459 1804 1773 1766 1708 1667 1683 2.405579412999998
2410 2457 2454 1806 1774 1767 1707 1664 1678 2.5517779959999984
2429 2467 2470 1806 1780 1764 1705 1664 1680 2.891514732000001
2417 2465 2466 1804 1766 1764 1705 1661 1677 3.1225689119999984
2429 2462 2455 1805 1765 1766 1708 1665 1678 3.315894460999999
2415 2459 2468 1805 1782 1759 1703 1665 1678 3.6856543019999997
2425 2460 2477 1807 1768 1764 1703 1663 1676 4.053739203999999
2414 2476 2467 1805 1773 1765 1704 1663 1681 4.2645901739999985
2414 2459 2473 1802 1776 1768 1703 1666 1679 4.516897091000001
2410 2463 2454 1805 1773 1768 1705 1660 1684 4.853655183000001
