2421 2461 2461 1783 1730 1741 1733 1725 1728 7.289999999215979e-07
2403 2466 2460 1782 1742 1751 1735 1724 1725 0.10121151399999917
2430 2464 2460 1779 1739 1746 1731 1726 1727 0.29718166700000026
2417 2448 2461 1780 1741 1751 1737 1726 1731 0.6012487110000002
2425 2465 2461 1775 1740 1749 1733 1724 1724 0.8494114920000015
2411 2462 2455 1780 1731 1750 1734 1725 1726 1.2052207950000025
2416 2457 2462 1777 1738 1756 1734 1726 1727 1.397230240999999
2407 2460 2456 1779 1739 1750 1732 1726 1724 1.705253250000002
2419 2460 2461 1775 1736 1747 1731 1725 1729 2.045231399000002
2413 2465 2455 1782 1748 1752 1736 1728 1726 2.277237374000002
2417 2470 2456 1782 1740 1749 1734 1724 1726 2.501219829
2422 2469 2451 1781 1738 1748 1733 1727 1729 2.7452567079999994
2409 2473 2457 1784 1739 1749 1733 1725 1730 2.9826860889999978
2414 2465 2452 1782 1738 1746 1733 1724 1721 3.286714842000002
2400 2465 2463 1779 1738 1751 1732 1724 1729 3.558715522
2423 2461 2456 1781 1743 1757 1734 1726 1727 3.894699414999998
2414 2465 2455 1774 1739 1753 1733 1728 1726 4.150696816
2419 2450 2450 1780 1738 1746 1733 1727 1727 4.393195871000003
2418 2464 2460 1781 1736 1753 1734 1726 1722 4.597485292999998
2414 2473 2456 1781 1742 1750 1734 1728 1729 4.969450672000001
