2751 2795 2789 1895 1532 1843 2458 2626 2468 1.4589999963732225e-06
2767 2778 2803 1895 1538 1839 2527 2605 2407 0.10723225399999592
2755 2806 2803 1888 1533 1839 2482 2591 2421 0.3192421529999976
2759 2791 2793 1887 1529 1833 2487 2601 2334 0.5352324489999987
2754 2781 2797 1885 1543 1841 2498 2611 2400 0.9032258179999957
2757 2777 2802 1892 1542 1843 2520 2592 2360 1.1152466570000001
2762 2786 2815 1889 1542 1843 2524 2629 2445 1.3912295579999991
2744 2781 2793 1892 1531 1841 2521 2611 2450 1.6312338909999937
2752 2783 2817 1889 1531 1839 2485 2622 2417 1.835276793999995
2754 2755 2814 1897 1533 1840 2507 2621 2421 2.2352391589999954
2755 2803 2817 1888 1534 1842 2455 2620 2400 2.5037057999999988
2733 2801 2809 1889 1521 1839 2536 2622 2313 2.803727169999995
2758 2764 2802 1890 1529 1840 2493 2612 2419 3.0357222039999954
2769 2790 2800 1890 1522 1837 2544 2582 2468 3.275714137999998
2750 2774 2799 1886 1526 1841 2505 2605 2490 3.61168782
2746 2776 2804 1890 1528 1837 2546 2621 2391 3.9158733829999974
2754 2786 2806 1895 1531 1842 2445 2618 2488 4.255711132999998
2769 2784 2826 1884 1527 1843 2529 2624 2424 4.479738077999997
2770 2774 2821 1890 1526 1846 2512 2619 2401 4.755729366999994
2745 2775 2822 1893 1522 1841 2475 2632 2427 4.927750029999999
