2734 2770 2815 1894 1688 1867 2559 2614 2506 7.289999999215979e-07
2746 2797 2796 1897 1689 1869 2564 2605 2502 0.10121151399999917
2742 2769 2806 1900 1684 1870 2552 2599 2501 0.34518749300000096
2767 2778 2782 1901 1688 1873 2506 2598 2534 0.5332205519999995
2741 2772 2808 1895 1692 1868 2482 2607 2452 0.7731968050000013
2735 2764 2797 1896 1687 1872 2571 2600 2503 0.9972277610000013
2742 2794 2787 1897 1688 1871 2533 2617 2519 1.2692842360000007
2729 2778 2789 1896 1684 1866 2549 2610 2527 1.4972139040000023
2740 2765 2781 1898 1686 1872 2564 2615 2479 1.821232534
2753 2786 2789 1899 1684 1873 2517 2606 2516 2.149225728000001
2722 2781 2797 1905 1687 1867 2594 2606 2526 2.405224952000001
2751 2778 2801 1898 1687 1874 2544 2617 2520 2.645255175999999
2746 2779 2796 1898 1685 1874 2539 2610 2523 3.022724189999998
2765 2810 2803 1900 1686 1871 2537 2607 2539 3.2227484040000007
2735 2774 2804 1901 1684 1868 2473 2616 2530 3.594677316000002
2727 2774 2809 1902 1685 1868 2523 2605 2500 3.958708156
2762 2755 2796 1897 1689 1874 2543 2625 2514 4.210687597000003
2745 2786 2813 1898 1688 1869 2587 2597 2488 4.489189289999999
2724 2790 2785 1896 1687 1871 2583 2612 2428 4.7255031380000005
