2756 2781 2829 1888 1597 1906 2581 2626 2526 7.289999999215979e-07
2760 2787 2815 1885 1598 1901 2540 2615 2511 0.16957881799999797
2748 2777 2823 1886 1596 1903 2516 2621 2480 0.421600196
2743 2803 2812 1890 1597 1906 2544 2609 2538 0.757582266
2758 2770 2813 1888 1598 1908 2520 2617 2519 0.9975844099999982
2739 2790 2835 1885 1597 1899 2506 2614 2521 1.2095680529999981
2739 2784 2815 1888 1600 1897 2491 2597 2487 1.573586492999997
2755 2786 2822 1881 1595 1900 2504 2599 2506 1.8056150779999989
2771 2782 2818 1885 1591 1910 2484 2620 2489 2.141580736999998
2747 2794 2816 1881 1597 1904 2527 2616 2533 2.3736074979999984
2749 2801 2811 1882 1601 1912 2433 2595 2477 2.721633235999999
2733 2786 2813 1890 1596 1902 2517 2602 2551 2.9496030169999976
2757 2782 2818 1885 1601 1895 2475 2609 2496 3.17357672
2745 2783 2823 1887 1592 1914 2578 2616 2514 3.4183123109999975
2761 2774 2812 1881 1598 1906 2535 2605 2517 3.6543096239999997
2755 2746 2791 1888 1597 1907 2526 2596 2488 4.042289586999999
2739 2769 2805 1884 1602 1900 2482 2611 2473 4.326302936999998
2750 2790 2798 1887 1596 1913 2534 2616 2512 4.606297962999999
2742 2790 2817 1883 1600 1907 2477 2617 2524 4.822309410999999
2739 2768 2813 1893 1597 1903 2494 2627 2535 5.030288221999999
