2730 2794 2824 1881 1624 1893 2523 2600 2461 1.0939999981474102e-06
2768 2809 2820 1878 1617 1882 2546 2636 2507 0.13294237999999936
2767 2784 2812 1878 1622 1886 2473 2606 2450 0.38891789999999915
2759 2783 2799 1881 1618 1888 2476 2616 2522 0.7289974279999996
2745 2776 2815 1876 1614 1887 2455 2617 2417 1.0529347369999975
2757 2774 2819 1875 1613 1894 2465 2619 2440 1.176951398
2719 2775 2830 1881 1614 1886 2506 2610 2476 1.4609246339999977
2761 2782 2808 1875 1617 1889 2511 2607 2457 1.7649548459999984
2744 2773 2794 1875 1617 1888 2552 2621 2473 2.048924799999998
2778 2784 2814 1878 1612 1886 2478 2621 2449 2.374169093999999
2736 2775 2804 1880 1621 1883 2501 2636 2490 2.614213539999998
2744 2752 2822 1885 1617 1887 2511 2612 2540 2.835542274999998
2746 2790 2810 1884 1618 1891 2507 2592 2490 3.098357224000001
2770 2789 2797 1880 1618 1897 2530 2602 2500 3.413615331999999
2749 2765 2796 1882 1617 1883 2520 2618 2499 3.6543169179999992
2744 2774 2824 1880 1615 1891 2423 2604 2486 3.989951455
2738 2807 2811 1881 1618 1891 2507 2609 2469 4.212599573999999
2761 2772 2819 1876 1618 1886 2545 2604 2503 4.452928463999999
2770 2760 2819 1878 1617 1892 2428 2604 2409 4.801691568999999
