2425 2472 2460 1798 1779 1739 1592 1549 1736 1.4589999963732225e-06
2417 2466 2461 1796 1784 1747 1588 1539 1736 0.18723260399999475
2428 2460 2473 1791 1776 1744 1584 1546 1738 0.5632305299999985
2423 2471 2469 1791 1778 1739 1584 1547 1736 0.7792882909999932
2419 2469 2471 1799 1787 1749 1591 1544 1738 1.2032329659999945
2420 2476 2463 1796 1781 1745 1592 1538 1737 1.435249515999999
2424 2472 2474 1789 1780 1742 1581 1544 1732 1.735229677999996
2427 2465 2463 1799 1780 1745 1576 1546 1734 1.9632545249999964
2419 2464 2475 1794 1781 1753 1587 1546 1737 2.2072243039999933
2425 2465 2464 1791 1781 1744 1591 1543 1736 2.427716844999999
2418 2453 2477 1788 1777 1746 1588 1542 1737 2.675738497999994
2420 2469 2456 1794 1779 1749 1588 1540 1739 2.879704089999997
2419 2462 2451 1791 1787 1748 1593 1535 1738 3.275714137999998
2429 2459 2472 1800 1772 1750 1595 1536 1737 3.4997122739999966
2404 2458 2464 1783 1779 1746 1589 1549 1739 3.8357136709999935
2422 2462 2465 1789 1784 1745 1587 1541 1738 4.203742047999995
2423 2474 2465 1799 1783 1754 1588 1542 1738 4.451722857999997
2419 2475 2463 1800 1781 1756 1585 1536 1735 4.683711692999999
