2757 2784 2813 1883 1621 1883 2504 2611 2129 7.300000000043383e-07
2767 2770 2831 1883 1615 1886 2455 2619 2156 0.138843142999999
2753 2745 2827 1880 1615 1885 2395 2632 2206 0.3788234069999987
2745 2783 2823 1881 1616 1882 2447 2594 2221 0.6188164349999994
2739 2768 2836 1885 1620 1881 2497 2616 2136 0.8989110159999996
2744 2780 2825 1878 1617 1883 2398 2611 2117 1.2548227909999987
2736 2765 2853 1883 1613 1881 2437 2623 2109 1.526838423000001
2761 2806 2824 1882 1614 1887 2466 2606 2201 1.7908378280000008
2756 2767 2835 1880 1617 1886 2524 2598 2188 2.054846714
2750 2782 2819 1883 1621 1878 2468 2618 2157 2.4228302369999994
2745 2785 2832 1880 1619 1883 2520 2607 2228 2.7268775890000008
2735 2768 2834 1879 1616 1877 2487 2613 2109 2.966810445
2762 2789 2816 1882 1617 1877 2495 2616 2143 3.180275751
2754 2769 2837 1886 1617 1877 2433 2612 2153 3.432284366000001
2771 2773 2820 1877 1619 1878 2480 2623 2147 3.768317490000001
2766 2772 2832 1881 1618 1882 2392 2621 2194 4.1042970069999996
2770 2782 2837 1881 1615 1879 2408 2605 2119 4.346394922999998
2759 2771 2818 1883 1616 1882 2385 2612 2169 4.638375998000001
2758 2766 2829 1881 1614 1883 2418 2612 2162 4.918917667999999
