1.43 1.51 1.38 0.89 0.95 0.8 0.77 0.77 0.77 7.290000070270253e-07 
1.44 1.51 1.37 0.88 0.95 0.79 0.77 0.77 0.77 0.11625351700000408 
1.45 1.5 1.37 0.88 0.94 0.78 0.77 0.77 0.76 0.3322109930000039 
1.45 1.51 1.37 0.86 0.91 0.78 0.77 0.77 0.77 0.5682115890000006 
1.45 1.51 1.37 0.86 0.92 0.79 0.77 0.77 0.77 0.804215830000004 
1.45 1.5 1.37 0.86 0.94 0.79 0.77 0.77 0.77 1.028240586999999 
1.46 1.5 1.37 0.86 0.94 0.79 0.77 0.77 0.77 1.270624405999996 
1.46 1.5 1.37 0.86 0.95 0.79 0.77 0.77 0.77 1.4946495279999965 
1.47 1.51 1.38 0.86 0.94 0.79 0.77 0.77 0.77 1.8746355100000045 
1.45 1.5 1.37 0.86 0.95 0.79 0.77 0.77 0.77 2.0986431270000026 
1.47 1.51 1.37 0.87 0.95 0.79 0.77 0.76 0.77 2.342630409999998 
1.47 1.5 1.37 0.86 0.95 0.79 0.77 0.77 0.77 2.706589773999994 
1.46 1.5 1.37 0.86 0.94 0.79 0.77 0.77 0.77 2.9186179059999944 
1.47 1.51 1.38 0.86 0.96 0.79 0.77 0.77 0.77 3.1706659059999964 
1.46 1.5 1.38 0.86 0.96 0.79 0.77 0.77 0.77 3.418600767000001 
1.46 1.51 1.38 0.86 0.97 0.8 0.77 0.77 0.77 3.746612558999999 
1.46 1.5 1.38 0.86 0.97 0.8 0.77 0.77 0.77 3.9905874429999955 
1.47 1.51 1.38 0.86 0.97 0.8 0.77 0.76 0.77 4.2146176699999955 
1.46 1.51 1.38 0.86 0.97 0.8 0.77 0.77 0.77 4.518646789000002 
1.47 1.5 1.37 0.86 0.96 0.8 0.77 0.77 0.77 4.818625127000004 
1.48 1.51 1.37 0.86 0.97 0.79 0.77 0.77 0.77 5.026621078000005 
