974 911 1039 1653 1549 1719 1731 1729 1724 7.290000070270253e-07
963 914 1048 1663 1553 1727 1735 1727 1726 0.11625351700000408
959 919 1051 1665 1560 1734 1734 1728 1732 0.3322109930000039
952 913 1048 1687 1587 1733 1735 1725 1725 0.5682115890000006
950 915 1049 1680 1578 1730 1730 1726 1726 0.804215830000004
956 918 1051 1680 1565 1729 1734 1727 1724 1.028240586999999
945 925 1054 1679 1556 1724 1734 1730 1726 1.270624405999996
942 926 1052 1679 1552 1726 1731 1729 1729 1.4946495279999965
938 917 1041 1681 1560 1726 1735 1728 1728 1.8746355100000045
951 920 1052 1681 1552 1729 1732 1726 1728 2.0986431270000026
936 916 1050 1675 1554 1728 1734 1734 1731 2.342630409999998
938 926 1055 1681 1548 1730 1737 1726 1728 2.706589773999994
942 924 1046 1681 1555 1727 1732 1725 1729 2.9186179059999944
937 916 1036 1684 1539 1725 1734 1725 1731 3.1706659059999964
948 919 1041 1677 1537 1726 1734 1727 1731 3.418600767000001
944 917 1040 1682 1531 1714 1734 1728 1728 3.746612558999999
945 924 1045 1678 1531 1721 1734 1726 1727 3.9905874429999955
939 917 1044 1681 1533 1715 1729 1734 1729 4.2146176699999955
943 915 1038 1677 1532 1719 1732 1723 1730 4.518646789000002
931 920 1053 1677 1536 1715 1734 1730 1729 4.818625127000004
927 915 1046 1678 1525 1723 1732 1729 1727 5.026621078000005
