2417 2463 2467 1830 1801 1775 1637 1712 1746 7.289999999215979e-07
2426 2469 2475 1833 1799 1774 1636 1717 1746 0.26879375100000047
2419 2468 2469 1828 1792 1774 1639 1713 1744 0.512835735000003
2430 2458 2474 1830 1794 1773 1634 1714 1739 0.8807167850000006
2423 2459 2473 1832 1792 1777 1639 1714 1747 1.2687583780000011
2418 2460 2472 1839 1798 1777 1633 1716 1745 1.4727717430000027
2419 2460 2461 1837 1801 1774 1632 1713 1747 1.7127370550000016
2425 2470 2470 1836 1793 1776 1637 1714 1743 1.9607419330000013
2411 2461 2472 1829 1798 1776 1641 1716 1742 2.286049315000003
2420 2466 2473 1830 1794 1769 1639 1714 1741 2.5100901170000007
2410 2461 2473 1818 1792 1770 1643 1714 1746 2.7860649960000003
2425 2472 2473 1831 1788 1773 1636 1717 1742 3.1140735060000004
2426 2475 2484 1835 1799 1770 1636 1716 1744 3.3580724590000024
2426 2468 2467 1829 1791 1769 1634 1713 1744 3.5980614750000015
2432 2452 2474 1823 1796 1771 1637 1716 1744 3.8620685380000026
2427 2463 2479 1838 1802 1780 1641 1712 1745 4.158031105000003
2419 2455 2471 1829 1786 1776 1636 1712 1741 4.334070093000001
2429 2462 2477 1829 1794 1777 1642 1710 1744 4.594044974000003
2428 2472 2468 1840 1803 1770 1635 1715 1744 4.926041905000002
