1317 1276 2795 1900 1690 1870 2557 2633 2546 1.0939999981474102e-06
1321 1274 2786 1897 1686 1876 2536 2609 2566 0.3853721919999984
1321 1269 2813 1894 1689 1870 2580 2620 2569 0.5613765360000045
1321 1271 2801 1897 1689 1876 2544 2614 2535 0.7853710250000034
1323 1279 2788 1896 1688 1876 2568 2602 2521 1.029376906000003
1326 1288 2809 1901 1690 1873 2561 2616 2525 1.4293881380000002
1333 1287 2802 1901 1695 1867 2569 2617 2542 1.7617172850000031
1328 1288 2812 1905 1688 1869 2552 2616 2537 2.005749788000003
1336 1291 2792 1896 1688 1876 2530 2606 2527 2.3377452599999984
1333 1285 2813 1897 1690 1875 2529 2591 2551 2.5350654289999994
1325 1288 2783 1898 1690 1867 2487 2633 2516 2.811043224999999
1327 1290 2793 1906 1688 1868 2568 2614 2537 3.139066321999998
1313 1295 2797 1900 1692 1876 2558 2622 2553 3.471482626000004
1319 1287 2804 1906 1688 1878 2531 2582 2572 3.591780724000003
1319 1284 2788 1897 1689 1877 2572 2603 2537 3.9556091700000025
1322 1281 2794 1902 1687 1879 2584 2635 2570 4.1110160930000035
1330 1277 2799 1892 1686 1872 2550 2610 2497 4.516732988000001
1322 1271 2808 1892 1687 1871 2566 2617 2561 4.855995284999999
