1053 1148 2455 1576 1714 1746 1730 1722 1728 1.0939999981474102e-06
1060 1147 2455 1571 1720 1752 1731 1728 1724 0.3853721919999984
1054 1148 2451 1587 1725 1750 1731 1726 1731 0.5293747179999997
1056 1145 2459 1588 1726 1748 1733 1727 1730 0.9054714700000019
1057 1151 2453 1587 1716 1750 1735 1725 1727 1.121376798
1063 1156 2451 1583 1716 1752 1733 1725 1727 1.3613690960000042
1064 1151 2464 1589 1716 1759 1730 1724 1728 1.701370949000001
1066 1148 2451 1591 1723 1748 1730 1723 1727 1.9377566380000033
1072 1161 2463 1582 1721 1749 1730 1721 1730 2.2777369750000034
1074 1156 2473 1589 1730 1749 1733 1725 1729 2.505749788000003
1073 1156 2452 1582 1714 1737 1732 1724 1726 2.7350378599999985
1061 1155 2464 1565 1728 1744 1733 1723 1726 3.1030425340000036
1062 1171 2445 1570 1724 1747 1736 1725 1729 3.315188455000005
1063 1163 2466 1576 1724 1746 1736 1726 1727 3.6797914660000046
1045 1158 2462 1559 1722 1750 1734 1726 1730 3.929538747999999
1050 1162 2458 1558 1723 1746 1729 1726 1729 4.210338970000002
1057 1151 2460 1565 1719 1747 1734 1726 1729 4.416676026000005
1049 1143 2455 1568 1712 1761 1730 1726 1728 4.6367287730000015
1050 1144 2449 1561 1717 1757 1733 1721 1731 4.8800144260000025
