2763 2763 2809 1887 1605 1848 2559 2610 2525 7.289999999215979e-07
2745 2775 2799 1882 1596 1852 2583 2620 2494 0.14229476599999913
2759 2769 2807 1889 1613 1840 2504 2597 2529 0.3702882520000017
2756 2773 2795 1884 1609 1845 2517 2608 2504 0.6062943169999997
2749 2778 2803 1888 1608 1846 2500 2612 2520 0.8102850719999992
2757 2774 2808 1891 1607 1843 2504 2615 2538 1.154311811999996
2750 2782 2802 1892 1603 1847 2515 2604 2515 1.4687432079999994
2764 2767 2789 1882 1598 1848 2453 2600 2509 1.7050450229999967
2742 2780 2803 1883 1603 1846 2501 2620 2481 1.9447368310000002
2767 2789 2807 1887 1600 1847 2495 2633 2538 2.2822198920000005
2768 2754 2803 1881 1596 1849 2609 2616 2546 2.654205327999996
2733 2774 2792 1886 1609 1846 2540 2613 2510 2.874189150999996
2745 2783 2799 1888 1606 1848 2540 2612 2469 3.120236104
2765 2775 2794 1886 1612 1849 2502 2624 2471 3.4514519060000026
2765 2799 2812 1882 1613 1849 2527 2620 2531 3.6622901129999974
2728 2783 2787 1889 1616 1848 2569 2615 2491 3.9901888569999997
2772 2781 2810 1881 1618 1850 2492 2615 2535 4.418197075000002
2752 2799 2817 1888 1616 1843 2533 2625 2543 4.638190014999999
2757 2783 2808 1892 1616 1850 2520 2599 2533 4.8662389300000015
