2431 2470 2460 1794 1760 1746 1677 1632 1707 7.289999999215979e-07
2422 2465 2464 1791 1759 1749 1684 1637 1701 0.14229476599999913
2421 2470 2468 1796 1756 1746 1681 1640 1707 0.26630085200000053
2409 2473 2464 1786 1760 1745 1675 1632 1706 0.47428476799999686
2418 2462 2465 1789 1757 1742 1681 1632 1702 0.7502880910000016
2423 2475 2468 1792 1748 1753 1685 1632 1706 1.066333526000001
2423 2461 2455 1791 1762 1748 1681 1641 1707 1.3287371249999964
2431 2470 2466 1785 1754 1749 1685 1635 1700 1.6407791879999962
2419 2472 2465 1785 1756 1748 1686 1638 1702 1.912731731000001
2417 2462 2461 1779 1760 1740 1684 1632 1702 2.1701816209999976
2424 2473 2473 1789 1760 1745 1683 1632 1702 2.3781786659999966
2420 2468 2471 1790 1758 1752 1683 1630 1702 2.7182027639999973
2429 2465 2472 1792 1760 1746 1682 1626 1705 2.919668891999997
2437 2472 2473 1789 1755 1750 1686 1634 1698 3.1762158539999987
2422 2456 2472 1785 1755 1742 1688 1626 1704 3.5133517470000015
2419 2472 2464 1786 1761 1750 1677 1626 1706 3.7222841760000023
2419 2471 2458 1780 1751 1751 1680 1635 1701 4.118263956
2421 2469 2459 1786 1754 1750 1681 1641 1706 4.418197075000002
2421 2459 2463 1788 1764 1742 1684 1630 1711 4.570205616999999
2419 2460 2461 1780 1759 1743 1685 1635 1710 4.822236842000002
