2752 2771 2835 1896 1643 1891 2524 2614 2538 1.0950000017828643e-06
2751 2772 2800 1898 1642 1889 2575 2622 2531 0.10707362200000148
2759 2776 2795 1897 1645 1885 2596 2621 2565 0.39100710900000024
2750 2792 2811 1896 1643 1888 2576 2626 2534 0.6070054280000008
2746 2791 2829 1897 1641 1881 2554 2600 2515 0.839000463000005
2766 2785 2795 1899 1644 1888 2560 2626 2469 1.039023218000004
2759 2777 2800 1899 1636 1889 2510 2621 2385 1.4550391880000006
2769 2795 2807 1895 1641 1886 2531 2616 2552 1.6870342230000048
2771 2777 2800 1898 1640 1889 2592 2620 2561 2.019018026000005
2760 2766 2810 1899 1642 1894 2487 2594 2532 2.263057092000004
2748 2781 2822 1899 1642 1893 2536 2597 2462 2.4630794830000013
2777 2759 2790 1900 1643 1887 2513 2598 2550 2.6829943830000005
2745 2788 2816 1905 1637 1896 2576 2612 2488 3.0571769700000004
2742 2793 2797 1901 1640 1888 2587 2616 2542 3.289199355000001
2776 2776 2810 1904 1638 1895 2569 2607 2528 3.5452047790000023
2725 2773 2801 1906 1643 1890 2548 2621 2493 3.7532291740000048
2762 2773 2799 1896 1643 1887 2578 2595 2507 4.144577980000001
2745 2766 2803 1899 1638 1895 2546 2612 2565 4.336568828000004
2755 2780 2798 1899 1641 1888 2513 2614 2543 4.591147653
2738 2776 2809 1898 1642 1888 2537 2615 2527 4.843087709999999
