2427 2466 2463 1771 1753 1764 1702 1682 1681 1.0950000017828643e-06
2425 2475 2456 1779 1756 1759 1705 1686 1684 0.10707362200000148
2423 2473 2451 1779 1758 1756 1701 1687 1683 0.33099517700000547
2418 2466 2471 1778 1752 1757 1701 1688 1678 0.667001679000002
2427 2473 2455 1773 1751 1764 1700 1685 1681 0.9070220569999989
2429 2469 2470 1772 1751 1760 1701 1690 1680 1.1550273000000004
2419 2462 2461 1773 1761 1754 1699 1688 1682 1.3710095740000057
2419 2476 2475 1779 1762 1759 1698 1682 1683 1.6110952280000035
2421 2455 2464 1771 1756 1760 1702 1689 1681 1.9830142940000002
2426 2457 2458 1784 1756 1759 1700 1685 1681 2.255039042
2424 2467 2451 1778 1763 1757 1700 1687 1680 2.439039190999999
2427 2460 2472 1774 1746 1763 1702 1686 1683 2.8891870290000057
2430 2460 2459 1775 1755 1757 1703 1686 1680 3.19320776
2418 2462 2474 1775 1755 1755 1699 1685 1684 3.3851708930000015
2419 2471 2477 1775 1755 1749 1699 1687 1680 3.633212603000004
2412 2476 2463 1779 1746 1759 1699 1684 1681 3.9811916620000005
2423 2464 2464 1778 1754 1758 1699 1685 1681 4.240592185000004
2421 2466 2456 1772 1758 1756 1699 1690 1679 4.436529152000006
2415 2459 2466 1776 1758 1758 1698 1688 1684 4.795072402999999
