2764 2791 2780 1887 1637 1881 2574 2602 2227 7.289999999215979e-07
2754 2771 2801 1889 1634 1882 2492 2611 2175 0.1333194510000002
2745 2789 2829 1892 1639 1877 2533 2625 2201 0.4333455619999995
2735 2775 2812 1886 1643 1879 2515 2608 2171 0.770383722
2738 2765 2799 1883 1638 1880 2552 2616 2170 1.0228343199999994
2750 2770 2790 1884 1638 1880 2508 2595 2213 1.3948226740000003
2757 2791 2797 1887 1640 1879 2565 2592 2173 1.6028499860000007
2750 2788 2819 1880 1639 1886 2502 2617 2297 2.006830676
2759 2770 2818 1884 1637 1877 2574 2620 2226 2.3692912370000005
2759 2772 2810 1886 1638 1881 2561 2621 2221 2.553284092
2757 2755 2795 1884 1636 1881 2530 2613 2175 2.8492816680000015
2794 2787 2815 1885 1639 1877 2580 2622 2216 3.1532863530000004
2735 2778 2816 1886 1641 1883 2555 2610 2181 3.349291513999999
2732 2772 2806 1885 1639 1878 2547 2625 2250 3.749280136000001
2748 2774 2823 1885 1634 1874 2585 2614 2180 4.1132522640000015
2761 2786 2812 1885 1634 1881 2590 2611 2354 4.369773334
2752 2792 2821 1886 1634 1880 2532 2617 2395 4.525791083
2751 2784 2825 1891 1637 1877 2565 2617 2253 4.933796661000001
