2416 2468 2469 1793 1759 1767 1740 1688 1717 7.289999999215979e-07
2426 2469 2470 1793 1765 1757 1737 1691 1721 0.1333194510000002
2413 2457 2468 1795 1764 1757 1736 1687 1721 0.32539307999999956
2422 2470 2468 1795 1756 1759 1729 1688 1716 0.6652942829999997
2426 2465 2460 1800 1760 1763 1734 1688 1721 0.9012587750000005
2420 2469 2460 1799 1755 1766 1733 1689 1720 1.1228190770000008
2429 2453 2476 1793 1764 1757 1735 1689 1717 1.3628212210000008
2419 2473 2467 1794 1758 1757 1737 1688 1722 1.7308412109999995
2412 2469 2460 1794 1745 1760 1735 1687 1719 2.0188214660000003
2416 2469 2473 1793 1761 1761 1734 1691 1721 2.3052788499999988
2429 2464 2471 1800 1758 1763 1739 1691 1720 2.553284092
2425 2463 2472 1800 1763 1756 1737 1691 1722 2.7692860590000006
2418 2464 2473 1791 1756 1759 1736 1691 1721 3.0092998720000015
2419 2471 2460 1798 1757 1762 1735 1691 1717 3.2532900730000005
2422 2475 2449 1801 1754 1761 1733 1692 1718 3.4973138230000007
2420 2473 2467 1794 1754 1756 1736 1689 1722 3.7133004729999985
2426 2469 2468 1800 1750 1764 1737 1694 1720 4.049279625999999
2428 2467 2462 1794 1762 1758 1738 1691 1716 4.293782556000002
2420 2458 2468 1800 1761 1757 1738 1688 1722 4.653846124999999
2426 2472 2466 1790 1750 1766 1734 1686 1718 4.8978082459999985
