2433 2462 2468 1791 1745 1757 1695 1671 1677 7.300000000043383e-07
2415 2473 2466 1780 1755 1746 1697 1670 1672 0.16154836999999844
2412 2464 2463 1782 1759 1745 1696 1670 1674 0.6583257610000004
2424 2467 2458 1781 1751 1753 1696 1678 1670 0.8663341100000004
2415 2469 2454 1784 1756 1754 1697 1671 1671 1.0903461039999982
2424 2458 2458 1778 1757 1751 1702 1672 1674 1.3303161569999986
2422 2477 2455 1787 1753 1749 1699 1666 1672 1.6583213850000007
2428 2466 2466 1787 1762 1746 1700 1673 1674 2.006314665999998
2416 2454 2457 1785 1759 1747 1696 1673 1672 2.198285091999999
2415 2458 2460 1784 1749 1746 1693 1671 1676 2.378295726000001
2427 2467 2470 1783 1755 1756 1696 1674 1673 2.7391440709999983
2431 2477 2463 1787 1744 1761 1695 1675 1674 2.993860012999999
2422 2472 2463 1784 1751 1754 1697 1675 1672 3.173873564000001
2424 2473 2457 1782 1754 1762 1697 1679 1675 3.560954245999998
2398 2470 2467 1784 1758 1749 1693 1671 1672 3.812824284999998
2410 2456 2460 1784 1754 1747 1692 1669 1674 4.020839199000001
2424 2468 2463 1785 1749 1758 1696 1673 1668 4.395527950999998
2423 2463 2449 1790 1751 1760 1695 1673 1669 4.557971225999999
2419 2453 2458 1788 1765 1744 1698 1672 1670 4.845481418999999
