2750 2789 2814 1883 1624 1881 2563 2617 2503 7.300000000043383e-07
2746 2778 2795 1886 1622 1876 2525 2603 2493 0.13727359399999983
2750 2764 2805 1892 1619 1879 2534 2622 2534 0.33831341999999864
2742 2794 2786 1889 1627 1874 2556 2608 2509 0.5703033489999996
2748 2787 2789 1886 1621 1875 2472 2606 2549 0.9302721040000002
2778 2795 2803 1888 1627 1883 2531 2614 2523 1.202300133999998
2745 2777 2805 1885 1624 1878 2557 2620 2516 1.402321795999999
2757 2768 2790 1887 1625 1876 2533 2622 2512 1.6583213850000007
2723 2800 2812 1894 1622 1874 2548 2635 2513 2.006314665999998
2746 2771 2808 1887 1624 1879 2552 2627 2525 2.2222838120000006
2736 2769 2793 1892 1626 1875 2555 2607 2511 2.522282207
2749 2785 2787 1886 1623 1880 2541 2604 2519 2.7797025590000004
2729 2806 2815 1889 1624 1876 2562 2592 2547 3.1059212569999985
2757 2785 2790 1888 1628 1879 2581 2616 2540 3.373869699
2755 2807 2803 1889 1621 1880 2566 2633 2540 3.618963033
2756 2771 2813 1888 1629 1880 2525 2609 2556 4.020839199000001
2776 2769 2818 1889 1629 1873 2521 2601 2514 4.216830866999999
2738 2796 2813 1892 1627 1877 2553 2607 2485 4.395527950999998
2739 2761 2801 1891 1625 1873 2535 2635 2506 4.601484654
2735 2781 2817 1885 1620 1880 2534 2612 2512 4.913449042
