2759 2783 2787 1899 1692 1866 2543 2595 2553 1.0940000052528376e-06
2766 2774 2823 1896 1694 1865 2590 2596 2507 0.19217756000000463
2745 2774 2804 1899 1686 1866 2572 2599 2529 0.4081354010000027
2754 2774 2807 1897 1693 1868 2508 2622 2501 0.648132805000003
2762 2783 2799 1897 1696 1871 2542 2600 2551 0.9881339280000034
2725 2766 2811 1896 1695 1867 2553 2605 2506 1.2241224890000026
2768 2782 2797 1894 1696 1868 2561 2619 2544 1.471304302
2735 2786 2794 1900 1695 1870 2563 2630 2513 1.7876870590000067
2743 2771 2820 1900 1694 1866 2562 2606 2511 2.211817352000004
2743 2788 2810 1900 1694 1867 2584 2600 2469 2.3638229760000016
2761 2808 2798 1903 1694 1870 2565 2610 2498 2.5998330530000047
2769 2786 2807 1902 1694 1862 2540 2604 2515 2.972471982000002
2763 2765 2807 1896 1695 1874 2527 2615 2521 3.1971079300000014
2765 2794 2821 1901 1696 1872 2578 2618 2493 3.4330910210000027
2770 2774 2799 1902 1694 1867 2564 2619 2520 3.677083409000005
2762 2813 2805 1900 1690 1865 2588 2601 2512 3.893091940000005
2767 2784 2818 1909 1694 1865 2582 2627 2469 4.145115871000002
2753 2777 2812 1902 1696 1867 2555 2623 2534 4.489120731
2749 2758 2798 1897 1689 1874 2582 2614 2500 4.717115676000006
