2384 2465 2451 1790 1754 1755 1666 1732 1739 1.0940000052528376e-06
2400 2465 2470 1794 1761 1754 1670 1731 1740 0.10017803300000594
2386 2463 2474 1789 1766 1756 1673 1731 1737 0.22813206100000372
2396 2465 2453 1789 1760 1754 1668 1733 1738 0.5481338260000044
2390 2458 2457 1792 1758 1760 1671 1730 1737 0.8921572850000032
2395 2459 2453 1785 1757 1757 1672 1733 1738 1.1281480340000059
2392 2472 2469 1792 1761 1750 1679 1731 1740 1.3502159590000034
2393 2466 2453 1786 1766 1754 1674 1731 1736 1.591272006000004
2394 2467 2464 1790 1752 1761 1675 1733 1737 1.9678391850000025
2394 2464 2453 1794 1755 1758 1676 1734 1735 2.239887273000001
2397 2456 2447 1790 1760 1763 1676 1738 1738 2.567824671000004
2399 2472 2466 1788 1762 1756 1671 1729 1738 2.972471982000002
2398 2470 2454 1792 1763 1759 1663 1731 1738 3.1971079300000014
2407 2470 2454 1789 1761 1761 1662 1734 1735 3.3771047060000043
2399 2459 2461 1789 1757 1750 1671 1735 1736 3.605094545
2389 2481 2464 1793 1759 1758 1667 1729 1739 3.837078639000005
2386 2466 2462 1796 1758 1762 1672 1729 1739 4.145115871000002
2380 2470 2459 1794 1759 1761 1668 1732 1738 4.453094755000002
2403 2453 2480 1788 1764 1756 1672 1732 1737 4.677089973000001
