2419 2467 2459 1774 1731 1751 1731 1727 1727 1.4590000034786499e-06
2419 2465 2461 1782 1740 1744 1732 1723 1727 0.13149864300000047
2405 2473 2453 1779 1738 1752 1730 1723 1726 0.29075067100000496
2428 2468 2462 1776 1734 1754 1730 1725 1729 0.6987358270000001
2421 2456 2468 1779 1736 1749 1730 1725 1727 0.878749378000002
2411 2461 2462 1778 1731 1746 1731 1727 1724 1.272222400000004
2420 2460 2458 1775 1745 1748 1730 1724 1724 1.4641209870000012
2395 2464 2458 1780 1731 1745 1731 1727 1728 1.8241546530000008
2413 2469 2455 1769 1733 1759 1732 1726 1733 2.05214668
2420 2462 2445 1785 1737 1753 1732 1724 1729 2.2761145480000025
2418 2468 2462 1780 1743 1755 1733 1724 1729 2.6522550610000053
2421 2467 2466 1772 1733 1754 1727 1727 1728 2.881290779000004
2419 2470 2459 1774 1738 1750 1727 1726 1728 3.224290603
2420 2464 2451 1776 1738 1749 1733 1725 1724 3.477257941000005
2420 2453 2471 1782 1748 1756 1732 1724 1727 3.7141800630000006
2426 2466 2469 1774 1738 1746 1732 1727 1730 4.0520190450000015
2409 2469 2452 1781 1738 1755 1730 1725 1724 4.344036587000005
2414 2463 2449 1771 1740 1745 1729 1724 1728 4.628024045000004
2413 2462 2460 1771 1743 1754 1733 1724 1728 4.852018899000001
