2760 2775 2779 1898 1691 1875 2574 2618 2547 1.4590000034786499e-06
2745 2799 2807 1898 1689 1868 2532 2629 2485 0.13149864300000047
2755 2762 2807 1904 1684 1875 2549 2600 2460 0.32271200899999997
2741 2771 2822 1898 1684 1868 2543 2615 2546 0.6587542500000012
2755 2802 2801 1894 1683 1868 2553 2604 2533 0.9307560240000043
2735 2780 2801 1898 1683 1875 2548 2612 2451 1.1401293420000016
2766 2765 2785 1899 1684 1869 2576 2599 2536 1.4361353050000005
2723 2780 2813 1899 1686 1871 2552 2597 2507 1.7001449210000033
2740 2770 2815 1895 1687 1873 2561 2623 2526 1.964127186000006
2760 2787 2810 1904 1684 1872 2524 2620 2508 2.3401265700000025
2735 2767 2800 1903 1688 1873 2575 2614 2525 2.534012256000004
2741 2791 2805 1901 1686 1871 2548 2602 2508 2.770546731000003
2729 2788 2803 1902 1686 1870 2536 2618 2539 3.013703656000004
2759 2776 2806 1892 1685 1875 2603 2607 2435 3.330385444000001
2720 2790 2805 1897 1682 1876 2571 2618 2525 3.5892199950000006
2747 2771 2821 1901 1688 1875 2538 2609 2546 3.820066677000007
2737 2769 2798 1896 1688 1872 2528 2627 2520 4.180054030000001
2746 2786 2825 1898 1682 1873 2540 2604 2551 4.464061180000002
2742 2804 2824 1900 1688 1866 2556 2624 2564 4.748061767000003
2749 2787 2793 1900 1686 1869 2578 2622 2457 4.908047880000005
