2761 2786 2814 1905 1648 1909 2461 2616 2537 7.300000000043383e-07
2761 2773 2844 1904 1652 1905 2469 2601 2582 0.10589304500000196
2753 2808 2799 1904 1650 1908 2478 2614 2591 0.3848438949999995
2766 2783 2816 1907 1650 1903 2507 2626 2566 0.6528468939999996
2727 2769 2817 1906 1646 1921 2410 2610 2486 0.8648382930000018
2753 2767 2799 1907 1645 1918 2474 2610 2561 1.1356893889999995
2758 2784 2816 1908 1648 1915 2490 2609 2589 1.5040387549999998
2741 2773 2800 1901 1655 1911 2464 2601 2518 1.728079317999999
2748 2806 2816 1900 1648 1903 2436 2602 2564 2.072749001000002
2746 2769 2831 1904 1649 1915 2512 2624 2573 2.3247516029999993
2759 2758 2809 1902 1650 1908 2488 2615 2580 2.606742733000001
2741 2774 2825 1902 1643 1915 2407 2619 2475 2.8528317960000003
2771 2784 2815 1903 1652 1914 2523 2613 2531 3.1866863690000002
2755 2772 2810 1905 1652 1914 2539 2601 2533 3.441767176999999
2766 2752 2820 1901 1653 1913 2492 2598 2514 3.7786915679999993
2742 2770 2817 1912 1648 1905 2518 2601 2536 3.937171567
2762 2782 2811 1903 1647 1909 2508 2608 2568 4.287585580000002
2747 2775 2823 1904 1647 1917 2466 2617 2546 4.483595910000002
2718 2775 2808 1906 1649 1903 2485 2616 2575 4.867525569000001
