2717 2779 2824 1889 1707 1875 2479 2610 2512 7.289999999215979e-07
2720 2790 2796 1889 1709 1874 2556 2615 2493 0.17795609499999898
2745 2812 2801 1886 1708 1878 2516 2609 2513 0.3164396089999997
2740 2797 2799 1895 1705 1877 2441 2594 2531 0.5124579619999992
2740 2773 2808 1889 1706 1870 2517 2597 2513 0.8243435330000004
2736 2774 2800 1888 1708 1879 2543 2589 2468 1.0447902430000013
2759 2791 2801 1896 1708 1880 2527 2608 2572 1.2935158929999986
2744 2770 2827 1890 1709 1877 2537 2615 2491 1.6654521829999993
2730 2775 2821 1889 1704 1876 2515 2618 2514 1.865478293999999
2766 2780 2806 1891 1706 1874 2525 2620 2482 2.2699507180000005
2747 2761 2789 1892 1706 1878 2519 2614 2558 2.602001253000001
2710 2784 2791 1889 1707 1875 2568 2604 2472 2.8579678520000016
2726 2772 2807 1888 1707 1875 2565 2625 2450 3.1440859870000004
2742 2778 2809 1887 1704 1875 2458 2610 2509 3.422770261
2745 2775 2785 1894 1709 1876 2537 2629 2526 3.6144920360000015
2729 2776 2812 1894 1712 1867 2436 2613 2482 4.016982097
2741 2777 2790 1895 1713 1874 2486 2619 2460 4.319529119000002
2745 2781 2802 1898 1710 1871 2535 2633 2513 4.555525124999999
2737 2785 2822 1898 1710 1876 2521 2618 2428 4.867500771
