2428 2467 2475 1781 1755 1754 1722 1693 1685 7.300000000043383e-07
2413 2473 2473 1793 1762 1764 1724 1692 1683 0.10589304500000196
2411 2469 2452 1784 1762 1763 1721 1690 1689 0.2648183089999989
2417 2459 2462 1789 1753 1763 1726 1698 1688 0.5048085799999988
2420 2471 2470 1781 1761 1761 1726 1694 1693 0.7328160570000009
2410 2462 2465 1790 1760 1767 1720 1694 1691 1.059376438000001
2418 2456 2467 1789 1759 1759 1727 1692 1692 1.4400801990000005
2404 2478 2469 1797 1763 1766 1726 1690 1692 1.6640022439999989
2418 2464 2467 1786 1762 1761 1728 1693 1690 2.032262994
2423 2460 2469 1786 1755 1763 1729 1696 1695 2.240741862
2402 2471 2467 1788 1755 1766 1723 1693 1693 2.488737436000001
2411 2461 2462 1796 1759 1757 1728 1696 1690 2.7428055469999997
2416 2456 2462 1792 1759 1766 1725 1696 1688 3.0771305479999995
2419 2459 2463 1787 1762 1760 1727 1693 1688 3.3120817659999986
2402 2454 2464 1787 1759 1762 1722 1695 1688 3.6547486639999995
2427 2469 2469 1788 1758 1759 1726 1696 1692 3.888790022000002
2424 2475 2467 1791 1766 1766 1725 1696 1688 4.231525479000002
2413 2467 2470 1793 1760 1760 1728 1696 1692 4.595555656000002
2406 2471 2473 1791 1758 1767 1725 1692 1689 4.815682548000002
