2415 2475 2473 1794 1761 1737 1730 1610 1675 7.289999999215979e-07
2421 2466 2462 1791 1759 1740 1727 1612 1674 0.11607070599999858
2414 2468 2463 1797 1758 1741 1725 1610 1679 0.42007496200000105
2417 2463 2468 1796 1755 1748 1726 1611 1676 0.6640562149999987
2419 2470 2470 1793 1758 1746 1727 1611 1676 0.9080374679999998
2425 2469 2456 1793 1765 1744 1730 1613 1677 1.2666504270000019
2428 2469 2456 1798 1760 1748 1727 1611 1677 1.522600251
2432 2466 2454 1790 1761 1741 1729 1609 1677 1.7626087549999987
2425 2471 2467 1795 1760 1748 1728 1611 1674 2.0991681080000006
2417 2468 2470 1783 1757 1741 1728 1613 1672 2.3391346750000004
2419 2469 2463 1799 1764 1742 1724 1611 1673 2.6751583230000016
2416 2466 2465 1795 1758 1747 1732 1611 1676 2.8671616250000014
2428 2459 2471 1794 1766 1747 1727 1613 1673 3.1393284620000017
2420 2463 2473 1795 1761 1747 1727 1607 1675 3.3793209200000014
2432 2468 2449 1793 1757 1746 1730 1613 1681 3.579313481
2426 2470 2464 1793 1764 1741 1728 1616 1677 3.839310812000001
2424 2463 2463 1799 1760 1747 1729 1611 1672 4.325090383999999
2410 2465 2466 1797 1754 1741 1728 1619 1673 4.452236940999999
2412 2461 2457 1797 1759 1747 1730 1613 1680 4.756247396999999
2420 2469 2473 1795 1758 1743 1730 1607 1672 5.008395869000001
