1386 1354 2800 1902 1686 1871 2587 2616 2590 1.0939999981474102e-06
1387 1347 2800 1896 1688 1868 2566 2611 2595 0.16456347500000135
1383 1357 2779 1898 1690 1871 2581 2605 2578 0.38462800799999997
1381 1339 2811 1894 1686 1874 2590 2597 2590 0.6045652700000019
1387 1355 2786 1898 1686 1872 2584 2601 2588 0.9646318149999971
1387 1350 2794 1898 1689 1871 2579 2599 2591 1.1546089940000002
1393 1353 2772 1899 1688 1878 2598 2603 2575 1.489248707999998
1381 1351 2795 1904 1688 1871 2585 2603 2582 1.7592555860000019
1382 1334 2764 1901 1687 1873 2581 2603 2553 1.9692285200000015
1385 1346 2794 1901 1690 1869 2573 2613 2596 2.309235491999999
1384 1352 2797 1901 1687 1871 2542 2597 2562 2.6692243620000013
1397 1345 2783 1896 1690 1876 2544 2619 2553 2.8636049690000007
1415 1318 2794 1902 1689 1868 2541 2605 2561 3.259777796999998
1493 1322 2786 1898 1686 1871 2602 2611 2555 3.479767572
1523 1303 2778 1892 1686 1867 2587 2614 2580 3.7097880450000034
1726 1293 2788 1893 1690 1871 2617 2592 2579 3.944305665999998
1861 1294 2794 1898 1686 1875 2590 2624 2550 4.114343613999999
1793 1301 2806 1897 1689 1873 2574 2624 2586 4.5242722770000015
1834 1287 2791 1896 1687 1869 2576 2593 2531 4.754292020000001
1663 1296 2789 1897 1688 1873 2589 2624 2592 4.964320383999997
