2764 2797 2814 1900 1689 1880 2496 2636 2478 1.0939999981474102e-06
2768 2789 2807 1906 1685 1882 2446 2618 2522 0.16886406500000106
2741 2770 2806 1905 1689 1877 2466 2617 2412 0.41884710800000136
2760 2757 2804 1900 1689 1869 2426 2591 2475 0.6288853180000018
2720 2807 2811 1903 1688 1872 2453 2613 2527 1.0054073720000005
2742 2782 2813 1902 1690 1877 2504 2594 2503 1.1318223950000004
2762 2772 2807 1900 1688 1879 2465 2598 2534 1.2998345839999956
2743 2797 2798 1907 1686 1874 2481 2617 2451 1.667965510000002
2754 2813 2806 1901 1689 1884 2502 2611 2402 1.910445768999999
2745 2758 2790 1902 1684 1874 2421 2626 2421 2.412051788999996
2743 2775 2832 1900 1689 1876 2490 2599 2501 2.5700898039999984
2756 2773 2828 1897 1688 1877 2456 2616 2527 2.7658047489999973
2743 2778 2832 1900 1689 1881 2474 2616 2521 3.079300351999997
2736 2753 2836 1903 1692 1875 2509 2608 2547 3.417428893999997
2756 2767 2816 1905 1692 1874 2425 2611 2490 3.666323022999997
2781 2782 2806 1901 1683 1880 2503 2615 2503 3.996932369999996
2753 2786 2797 1901 1687 1872 2435 2616 2488 4.300454527999996
2734 2771 2810 1902 1690 1878 2438 2608 2463 4.560477020999997
2743 2792 2815 1898 1687 1877 2467 2608 2501 4.827070194000001
