2407 2469 2465 1773 1741 1751 1731 1724 1726 1.0939999981474102e-06
2411 2475 2465 1784 1749 1749 1730 1724 1725 0.16886406500000106
2414 2460 2452 1782 1744 1748 1730 1727 1729 0.32887970200000183
2415 2466 2467 1781 1736 1757 1726 1724 1726 0.5688794539999975
2419 2469 2468 1783 1742 1748 1731 1725 1728 0.7952265750000009
2417 2466 2455 1775 1737 1746 1732 1725 1723 1.1598055850000009
2412 2465 2475 1781 1741 1753 1727 1722 1731 1.3998111719999997
2416 2471 2473 1777 1744 1749 1730 1726 1729 1.6379922989999969
2417 2461 2468 1782 1743 1751 1732 1725 1725 1.8664508769999983
2419 2454 2444 1775 1735 1750 1728 1724 1728 2.412051788999996
2416 2468 2462 1777 1740 1752 1729 1724 1727 2.5700898039999984
2415 2473 2478 1778 1749 1742 1733 1724 1726 2.7658047489999973
2403 2467 2451 1778 1740 1753 1732 1724 1727 3.045251190000002
2419 2464 2459 1772 1741 1753 1729 1727 1728 3.2454195230000025
2430 2477 2472 1782 1746 1752 1728 1728 1727 3.6562405410000025
2415 2469 2458 1779 1739 1748 1731 1726 1727 3.8446499900000006
2430 2460 2456 1779 1742 1754 1733 1723 1729 4.228493221000001
2428 2468 2472 1779 1744 1748 1726 1727 1725 4.452582286000002
2415 2473 2463 1787 1736 1744 1729 1727 1728 4.803077621999996
