2761 2770 2826 1912 1634 1903 2548 2631 2522 7.289999999215979e-07
2744 2764 2821 1907 1634 1899 2469 2616 2575 0.16708628300000328
2769 2782 2842 1910 1632 1900 2473 2603 2554 0.38180981400000036
2747 2766 2822 1908 1633 1895 2502 2627 2495 0.6503693040000016
2750 2774 2811 1907 1635 1900 2396 2614 2527 0.9616298260000029
2740 2782 2809 1904 1633 1907 2527 2633 2520 1.1995097330000029
2787 2784 2827 1909 1636 1908 2503 2613 2584 1.5433807819999998
2767 2758 2812 1901 1631 1898 2444 2625 2534 1.806189013000001
2731 2769 2834 1909 1632 1914 2463 2595 2556 2.1703967860000013
2772 2789 2794 1905 1634 1900 2464 2606 2483 2.468936781
2759 2772 2808 1910 1636 1903 2498 2613 2464 2.700513313000002
2754 2791 2841 1906 1632 1899 2473 2618 2508 2.943143817000003
2771 2779 2836 1904 1632 1896 2500 2601 2555 3.165309231000002
2774 2813 2835 1899 1636 1903 2460 2620 2528 3.4692015330000032
2753 2771 2809 1914 1636 1905 2404 2609 2521 3.7252155400000007
2725 2768 2830 1905 1629 1900 2513 2623 2527 3.916432607000001
2763 2767 2818 1906 1634 1904 2498 2616 2510 4.147407794000003
2761 2775 2832 1911 1629 1906 2432 2606 2560 4.512204149000002
2754 2759 2826 1906 1633 1903 2490 2623 2474 4.752485429
2751 2773 2809 1911 1627 1897 2458 2600 2470 4.9924133410000024
