2391 2463 2462 1788 1766 1748 1700 1741 1731 7.289999999215979e-07
2389 2459 2457 1786 1758 1746 1701 1736 1734 0.17795609499999898
2381 2472 2455 1784 1763 1747 1702 1739 1735 0.3164396089999997
2399 2448 2458 1795 1753 1753 1701 1742 1736 0.650198636999999
2392 2460 2457 1795 1756 1756 1705 1742 1735 0.922761143999999
2399 2450 2475 1790 1756 1755 1699 1741 1735 1.1750937750000006
2387 2468 2453 1789 1756 1746 1706 1740 1733 1.497499801
2386 2464 2467 1790 1755 1749 1702 1743 1734 1.7454556260000018
2385 2469 2447 1788 1750 1753 1701 1738 1736 1.9694666510000012
2392 2457 2456 1789 1755 1744 1700 1741 1734 2.221695714999999
2405 2466 2468 1787 1770 1748 1700 1738 1734 2.541982261000001
2392 2471 2471 1786 1755 1750 1700 1739 1739 2.778013640000001
2390 2465 2463 1788 1758 1748 1698 1742 1732 3.069950499000001
2398 2474 2471 1793 1756 1745 1704 1742 1734 3.370473951000001
2405 2465 2458 1784 1757 1750 1705 1741 1736 3.7384859940000013
2395 2473 2449 1801 1759 1752 1698 1741 1733 3.9809739099999994
2405 2457 2455 1789 1760 1752 1702 1743 1731 4.223131068000001
2398 2459 2458 1791 1754 1759 1702 1737 1737 4.471549664000001
2382 2459 2463 1788 1758 1754 1701 1740 1734 4.691542720000001
2398 2461 2449 1792 1758 1750 1692 1742 1738 4.963512633000001
