2778 2759 2805 1908 1524 1863 2523 2618 2501 7.289999999215979e-07
2748 2768 2807 1906 1520 1855 2447 2616 2450 0.20403240899999986
2769 2764 2799 1904 1527 1852 2468 2617 2470 0.456086066000001
2722 2782 2807 1904 1525 1868 2449 2619 2447 0.7280435800000014
2770 2794 2779 1900 1526 1862 2552 2617 2454 1.030632905000001
2745 2787 2794 1904 1524 1855 2509 2616 2386 1.3826069899999993
2750 2766 2791 1905 1521 1854 2509 2606 2508 1.6066409889999989
2744 2772 2771 1907 1529 1860 2514 2617 2339 1.8266705129999998
2770 2795 2799 1900 1524 1858 2444 2617 2436 2.1951413150000008
2743 2775 2790 1906 1520 1862 2478 2606 2425 2.431146437999999
2764 2795 2796 1909 1516 1861 2551 2629 2407 2.767154770000001
2740 2792 2801 1898 1524 1860 2504 2615 2451 3.1093242540000006
2769 2799 2802 1903 1520 1861 2393 2595 2420 3.319338395999999
2744 2759 2783 1904 1531 1857 2538 2628 2429 3.6593212999999984
2767 2775 2806 1905 1530 1855 2529 2594 2448 3.919321912000001
2776 2762 2806 1907 1525 1858 2480 2613 2498 4.325090383999999
2751 2783 2806 1906 1522 1859 2473 2621 2446 4.452236940999999
2754 2768 2804 1899 1524 1855 2513 2602 2432 4.712251775999999
