1067 1236 2453 1556 1728 1736 1728 1726 1728 1.0939999981474102e-06
1057 1228 2437 1567 1720 1743 1728 1724 1729 0.11482315900000373
1063 1230 2450 1572 1723 1744 1730 1722 1728 0.29460334899999907
1064 1243 2453 1573 1717 1743 1728 1726 1727 0.504615667000003
1061 1231 2455 1579 1729 1741 1725 1722 1726 0.8645910449999974
1058 1221 2466 1568 1722 1746 1729 1722 1728 1.234609884000001
1056 1226 2444 1566 1719 1745 1730 1727 1725 1.5692054720000002
1060 1232 2464 1571 1723 1736 1728 1725 1725 1.799252930999998
1060 1232 2451 1571 1719 1749 1729 1725 1724 2.039225332000001
1059 1235 2446 1572 1726 1749 1726 1724 1727 2.2592409989999993
1060 1227 2436 1563 1722 1744 1730 1726 1728 2.6692243620000013
1065 1224 2447 1575 1725 1741 1731 1720 1726 2.833574869000003
1048 1238 2459 1560 1712 1741 1727 1727 1726 3.0797463480000005
1037 1246 2448 1536 1704 1750 1726 1723 1726 3.2798107489999992
1008 1254 2449 1487 1708 1742 1728 1717 1730 3.5397500970000024
997 1304 2446 1468 1702 1738 1728 1728 1724 3.8843428340000017
1000 1551 2461 1483 1709 1752 1727 1719 1731 4.234269279000003
1005 1386 2440 1531 1704 1746 1728 1720 1726 4.474406148
1003 1313 2461 1540 1711 1743 1726 1728 1728 4.694278863000001
1013 1256 2441 1558 1713 1746 1731 1725 1730 5.034366063
