2401 2460 2471 1798 1765 1771 1721 1680 1660 7.289999999215979e-07
2398 2458 2467 1795 1765 1768 1722 1680 1657 0.12677677799999998
2407 2464 2462 1795 1767 1769 1719 1684 1659 0.25386061100000035
2414 2464 2468 1796 1763 1773 1719 1680 1658 0.593865031
2391 2468 2449 1794 1769 1766 1719 1687 1658 0.8296633839999998
2402 2462 2457 1796 1765 1771 1719 1678 1660 1.0536528940000025
2414 2467 2455 1790 1760 1770 1720 1679 1661 1.3878451540000007
2424 2464 2473 1794 1760 1762 1719 1686 1658 1.6301795430000006
2406 2464 2475 1795 1764 1774 1725 1679 1656 1.8701774710000016
2419 2473 2459 1793 1764 1767 1720 1684 1658 2.130328329000001
2417 2462 2463 1793 1762 1771 1721 1680 1655 2.3627778900000003
2411 2457 2469 1792 1764 1769 1722 1684 1660 2.5721192100000003
2408 2466 2470 1794 1761 1764 1718 1677 1660 2.7989024790000023
2419 2466 2454 1790 1760 1769 1723 1680 1657 3.0471299860000016
2419 2471 2469 1797 1765 1766 1719 1681 1657 3.4041190550000024
2419 2464 2473 1789 1766 1776 1721 1678 1660 3.656743425000002
2404 2462 2466 1794 1768 1767 1718 1676 1659 3.892197892000002
2420 2465 2466 1794 1766 1763 1719 1682 1653 4.229730193000002
2408 2460 2473 1795 1764 1766 1720 1676 1655 4.452204120000001
2410 2473 2471 1798 1766 1767 1720 1679 1653 4.652543120000001
2416 2463 2474 1787 1768 1766 1718 1676 1653 4.932417687000001
