2410 2459 2459 1791 1757 1767 1722 1679 1683 1.093999999923767e-06
2417 2463 2461 1793 1762 1762 1721 1680 1683 0.1564877899999999
2429 2467 2453 1798 1765 1763 1720 1685 1683 0.32448648599999963
2414 2469 2460 1791 1763 1759 1717 1676 1684 0.506627203999999
2418 2460 2472 1798 1766 1758 1724 1681 1682 0.7869536009999987
2421 2461 2477 1792 1762 1759 1721 1686 1683 1.1149606409999997
2423 2465 2467 1792 1766 1757 1720 1682 1684 1.385293900999999
2416 2460 2463 1797 1758 1765 1720 1676 1680 1.6578100940000002
2411 2471 2456 1793 1759 1764 1722 1682 1685 1.8762088000000006
2404 2473 2464 1793 1765 1758 1724 1679 1682 2.2391223489999987
2418 2467 2469 1796 1765 1763 1721 1687 1681 2.463729249
2403 2464 2468 1796 1760 1764 1723 1682 1683 2.7660819009999997
2408 2475 2452 1789 1759 1758 1722 1682 1687 3.133966308999998
2431 2453 2454 1801 1765 1765 1726 1683 1687 3.3419452099999987
2419 2463 2465 1790 1762 1758 1721 1681 1683 3.612387507000001
2400 2471 2454 1791 1760 1758 1723 1678 1684 3.802924094999998
2418 2466 2471 1794 1757 1766 1724 1679 1684 4.051325915
2407 2462 2461 1790 1765 1758 1722 1686 1686 4.283308693999999
2409 2457 2457 1789 1762 1761 1723 1680 1687 4.633408722999999
2421 2475 2460 1791 1760 1759 1719 1683 1682 4.9833957049999995
