2767 2792 2825 1913 1633 1906 2497 2607 2560 1.093999999923767e-06
2748 2786 2814 1898 1635 1911 2451 2605 2558 0.2245091679999991
2751 2779 2827 1903 1632 1900 2486 2621 2555 0.45060138199999855
2752 2773 2808 1906 1638 1908 2527 2618 2574 0.8269866839999995
2760 2768 2840 1903 1635 1909 2429 2624 2549 1.0269347549999992
2741 2794 2821 1903 1634 1913 2453 2614 2511 1.327213511
2762 2783 2800 1906 1633 1908 2437 2630 2552 1.6057927589999998
2763 2765 2814 1902 1631 1905 2475 2612 2567 1.8257850859999998
2750 2777 2797 1899 1633 1902 2543 2613 2497 2.154924801
2749 2765 2827 1906 1632 1907 2491 2609 2559 2.395547050000001
2750 2768 2823 1911 1634 1899 2476 2620 2560 2.634105978000001
2760 2794 2812 1900 1637 1907 2475 2614 2563 2.973677531
2752 2773 2806 1900 1636 1904 2484 2613 2603 3.2019731
2754 2787 2817 1903 1632 1895 2496 2621 2549 3.532093056000001
2745 2744 2822 1900 1636 1914 2495 2620 2550 3.9149421879999977
2737 2780 2812 1898 1635 1911 2533 2599 2581 4.075341462000001
2750 2804 2826 1901 1630 1916 2509 2611 2512 4.533378892999998
2745 2775 2828 1907 1630 1909 2461 2610 2549 4.683428378999999
