1214 2752 2790 1901 1687 1875 2531 2631 2614 7.289999999215979e-07
1202 2752 2802 1909 1689 1873 2567 2632 2635 0.11032819800000127
1194 2756 2792 1896 1688 1875 2510 2614 2580 0.35832559600000025
1199 2781 2734 1900 1688 1875 2503 2610 2607 0.7183235830000001
1186 2750 2795 1909 1686 1875 2541 2617 2630 0.8951900350000024
1196 2759 2792 1899 1687 1877 2527 2639 2632 1.1231570330000018
1194 2748 2763 1905 1685 1878 2546 2639 2600 1.539161514
1202 2748 2787 1903 1692 1875 2519 2628 2612 1.727152683
1206 2774 2796 1901 1687 1881 2556 2624 2583 2.073382073000001
1220 2766 2785 1907 1687 1875 2559 2609 2582 2.4833431919999995
1214 2795 2790 1906 1689 1883 2525 2620 2596 2.6733484500000024
1213 2757 2781 1905 1686 1875 2492 2630 2606 2.9134291599999997
1217 2765 2806 1903 1683 1875 2537 2597 2591 3.203352294000002
1220 2775 2767 1902 1687 1875 2514 2617 2613 3.47680278
1217 2750 2774 1903 1685 1876 2563 2619 2606 3.7488722480000014
1221 2742 2791 1904 1685 1877 2545 2643 2609 4.052881246000002
1219 2756 2777 1903 1686 1882 2528 2625 2634 4.293599768
1213 2762 2806 1902 1692 1879 2501 2622 2600 4.517613710000003
1214 2754 2792 1902 1687 1870 2561 2636 2604 4.749920684000003
1218 2771 2784 1908 1688 1885 2594 2641 2604 4.997168678000001
