1270 2439 2455 1649 1733 1744 1728 1724 1727 7.289999999215979e-07
1298 2455 2436 1659 1728 1745 1732 1721 1725 0.19831214700000288
1292 2450 2461 1664 1729 1740 1731 1726 1728 0.38631571500000206
1299 2463 2446 1662 1729 1737 1736 1727 1719 0.654348253000002
1294 2448 2459 1664 1728 1744 1731 1724 1724 1.0231731520000018
1292 2462 2454 1659 1732 1736 1733 1725 1726 1.2311542410000023
1306 2459 2458 1665 1735 1747 1729 1725 1725 1.5231939380000021
1299 2451 2442 1664 1728 1742 1730 1723 1722 1.8333531470000004
1284 2459 2449 1662 1728 1746 1729 1725 1727 2.163329786000002
1241 2457 2451 1611 1727 1744 1726 1724 1719 2.403336102000001
1246 2445 2441 1606 1733 1744 1728 1726 1731 2.6533501420000007
1277 2445 2437 1634 1729 1741 1732 1724 1727 2.883414011000003
1263 2438 2451 1628 1734 1745 1727 1725 1726 3.113431931000001
1271 2450 2439 1644 1735 1745 1728 1729 1728 3.3556386850000024
1259 2458 2442 1629 1724 1745 1733 1725 1729 3.688380640000002
1262 2455 2446 1630 1730 1744 1729 1726 1722 4.121571799000002
1269 2429 2454 1620 1731 1745 1730 1728 1723 4.323978496000002
1257 2450 2450 1610 1729 1740 1731 1725 1722 4.5479658170000015
1250 2448 2450 1624 1730 1745 1731 1723 1724 4.881482702
