2783 2759 2777 1908 1699 1862 2478 2619 2528 7.289999999215979e-07
2764 2790 2791 1904 1698 1855 2505 2601 2563 0.10678722299999777
2758 2765 2788 1908 1698 1860 2528 2628 2553 0.2967866459999975
2763 2783 2787 1904 1703 1859 2528 2637 2499 0.656775151999998
2774 2775 2788 1904 1701 1858 2555 2625 2528 0.8750677379999985
2775 2766 2815 1905 1700 1864 2528 2629 2532 1.1790563130000002
2772 2780 2793 1904 1696 1859 2552 2634 2559 1.4510823859999995
2739 2791 2820 1903 1694 1858 2528 2620 2489 1.7179373939999998
2757 2770 2788 1902 1698 1855 2538 2623 2469 2.00848959
2756 2796 2807 1905 1703 1857 2455 2627 2561 2.3484848929999984
2770 2763 2805 1913 1701 1859 2520 2634 2551 2.6284407819999984
2771 2768 2799 1908 1700 1856 2471 2636 2526 2.8284730919999994
2753 2754 2810 1912 1701 1861 2582 2639 2529 3.1684432319999978
2743 2788 2803 1909 1703 1855 2527 2630 2569 3.5338868829999974
2755 2768 2800 1915 1700 1858 2558 2618 2550 3.7258817979999996
2750 2783 2794 1909 1700 1858 2514 2619 2504 3.9688292019999984
2767 2757 2799 1907 1698 1855 2559 2636 2525 4.3797125789999996
2761 2802 2805 1905 1704 1856 2540 2620 2532 4.569748105999999
2797 2750 2784 1905 1698 1858 2555 2616 2541 4.809760255999997
2788 2781 2776 1903 1697 1859 2529 2630 2463 5.0397180049999974
