2402 2454 2461 1809 1752 1735 1650 1732 1729 7.289999999215979e-07
2418 2463 2452 1807 1750 1735 1647 1729 1731 0.2367454089999974
2421 2462 2457 1800 1753 1743 1648 1731 1729 0.47678636899999915
2406 2473 2452 1802 1754 1736 1650 1729 1734 0.8231587109999978
2406 2477 2453 1802 1754 1744 1642 1732 1734 1.127054294999997
2404 2464 2441 1798 1753 1741 1648 1730 1737 1.4190757579999982
2419 2474 2465 1800 1758 1740 1646 1733 1728 1.6478169569999999
2409 2462 2445 1800 1750 1739 1652 1729 1733 1.878471231999999
2418 2464 2461 1804 1753 1734 1645 1728 1733 2.1284889189999987
2412 2471 2472 1806 1753 1735 1643 1730 1729 2.4584648280000003
2412 2460 2464 1802 1755 1740 1647 1734 1732 2.708496371999999
2408 2473 2453 1801 1751 1740 1650 1735 1731 3.0484654189999993
2405 2461 2463 1800 1758 1737 1651 1729 1732 3.2584817489999978
2404 2462 2465 1796 1756 1738 1644 1730 1731 3.5034319379999985
2412 2475 2468 1804 1755 1742 1645 1730 1734 3.7258817979999996
2426 2466 2459 1803 1755 1731 1646 1734 1730 4.059783049
2419 2471 2449 1803 1753 1738 1645 1729 1734 4.3797125789999996
2405 2468 2465 1801 1747 1733 1646 1731 1733 4.649751182999999
2407 2463 2452 1802 1747 1742 1642 1729 1734 4.879704191999998
