2413 2465 2453 1803 1754 1763 1707 1667 1683 7.300000000043383e-07
2430 2468 2467 1807 1753 1754 1707 1669 1690 0.10012099899999782
2401 2463 2466 1799 1751 1755 1707 1666 1686 0.32013265399999824
2413 2462 2463 1804 1754 1748 1701 1671 1688 0.530047605
2419 2458 2464 1801 1745 1754 1704 1667 1688 0.8775879939999989
2417 2471 2462 1811 1746 1757 1703 1670 1692 1.107576739999999
2408 2463 2463 1807 1748 1753 1706 1673 1690 1.337582261999998
2420 2462 2462 1804 1749 1754 1707 1668 1686 1.7075967239999983
2417 2472 2460 1800 1751 1757 1703 1676 1685 1.9376332430000005
2410 2471 2472 1800 1753 1756 1704 1671 1689 2.176090792
2403 2469 2462 1802 1755 1753 1705 1669 1690 2.538692909999998
2406 2462 2467 1809 1755 1752 1703 1668 1685 2.776705922999998
2420 2464 2458 1801 1751 1752 1704 1670 1687 2.9806380469999993
2425 2459 2461 1801 1753 1759 1709 1669 1686 3.258563072000001
2412 2476 2457 1805 1756 1759 1708 1674 1689 3.5919698259999997
2421 2463 2467 1794 1753 1754 1705 1672 1687 3.8370002429999985
2415 2453 2475 1807 1749 1756 1703 1666 1689 4.069576344999998
2407 2464 2467 1805 1754 1758 1705 1667 1692 4.3930862359999985
2410 2459 2456 1802 1752 1750 1709 1671 1685 4.652413297999999
2410 2470 2459 1801 1757 1758 1704 1668 1687 4.87067124
