2783 2768 2810 1900 1616 1891 2529 2629 2589 7.300000000043383e-07
2760 2743 2823 1904 1619 1894 2522 2628 2533 0.20009430500000036
2757 2778 2820 1903 1619 1890 2486 2625 2533 0.583283312999999
2750 2771 2809 1899 1619 1890 2513 2629 2559 0.7775822320000003
2744 2780 2808 1905 1618 1895 2560 2635 2580 1.1775691769999987
2760 2797 2806 1898 1621 1888 2516 2636 2580 1.4975953460000007
2751 2781 2812 1902 1622 1891 2493 2620 2561 1.7375600889999987
2729 2790 2806 1903 1616 1897 2524 2624 2544 2.064092390999999
2759 2742 2798 1907 1618 1901 2487 2621 2562 2.3040647929999984
2746 2779 2813 1901 1619 1890 2518 2621 2527 2.579846269000001
2748 2777 2809 1896 1626 1895 2548 2637 2582 2.849709465
2779 2771 2818 1902 1622 1893 2473 2616 2517 3.1069998279999993
2756 2799 2800 1906 1616 1892 2551 2625 2575 3.3495260350000002
2757 2782 2810 1908 1617 1889 2468 2631 2559 3.6526244430000006
2764 2788 2825 1900 1619 1892 2526 2639 2582 3.958430185000001
2743 2772 2832 1903 1621 1893 2529 2599 2504 4.241720279999999
2743 2772 2806 1903 1617 1897 2532 2627 2558 4.5410844359999984
2789 2773 2822 1901 1613 1887 2514 2639 2540 4.760665411999998
