2740 2770 2806 1907 1631 1889 2531 2622 2587 3.649999982258123e-07
2731 2799 2806 1902 1626 1901 2515 2626 2534 0.24345320699999817
2775 2749 2821 1900 1623 1901 2482 2620 2526 0.459121605
2754 2772 2807 1901 1629 1897 2518 2619 2550 0.8292750079999998
2720 2777 2822 1906 1626 1902 2554 2622 2578 1.0664842819999976
2745 2768 2804 1903 1629 1899 2521 2621 2565 1.3710694629999978
2747 2758 2805 1897 1625 1901 2537 2616 2592 1.7716869269999975
2756 2779 2806 1899 1630 1894 2538 2634 2572 1.9599618119999995
2736 2779 2801 1899 1631 1900 2559 2617 2584 2.3120489449999972
2785 2783 2819 1899 1629 1892 2549 2634 2579 2.534544023999999
2765 2783 2802 1903 1627 1898 2525 2623 2577 2.8725544109999994
2741 2778 2802 1902 1626 1901 2523 2631 2576 3.1129254009999983
2772 2782 2811 1902 1630 1900 2484 2635 2584 3.3329538309999975
2758 2793 2816 1901 1632 1896 2553 2634 2502 3.6695893999999996
2763 2767 2819 1899 1630 1894 2569 2621 2605 3.884527359
2744 2770 2819 1900 1627 1889 2536 2632 2578 4.24623785
2761 2799 2814 1898 1633 1897 2498 2632 2537 4.462891231
2748 2760 2799 1900 1628 1891 2522 2616 2572 4.872946799999998
