2413 2464 2468 1792 1746 1755 1725 1684 1712 3.649999982258123e-07
2405 2463 2458 1799 1749 1750 1730 1684 1710 0.1234564299999974
2419 2471 2468 1796 1756 1753 1727 1677 1711 0.3188103489999996
2419 2458 2465 1792 1752 1761 1730 1682 1710 0.6392281769999997
2408 2466 2461 1792 1752 1754 1730 1681 1710 0.8559362579999998
2421 2460 2457 1795 1751 1751 1722 1687 1708 1.096525321999998
2410 2462 2458 1788 1760 1759 1727 1678 1710 1.3010591569999974
2411 2458 2461 1801 1755 1750 1723 1679 1709 1.671667308
2402 2463 2450 1792 1753 1749 1725 1683 1712 2.0140446549999993
2415 2463 2466 1794 1757 1751 1731 1686 1707 2.262059921999999
2399 2463 2463 1797 1756 1752 1726 1684 1711 2.488478153999999
2410 2466 2464 1794 1754 1754 1729 1683 1710 2.8425702599999987
2414 2470 2462 1793 1749 1751 1730 1684 1711 3.1729560619999972
2404 2462 2454 1787 1751 1751 1722 1680 1711 3.381038530999998
2415 2467 2458 1798 1759 1748 1728 1683 1712 3.750330940999998
2413 2471 2458 1794 1750 1749 1726 1685 1710 3.9716043649999975
2422 2468 2457 1791 1748 1745 1729 1685 1708 4.2243250089999975
2403 2453 2459 1793 1750 1753 1727 1679 1712 4.556438266999997
2414 2472 2456 1793 1752 1757 1726 1689 1712 4.9234339659999975
