2771 2784 2819 1890 1601 1890 2461 2621 2535 7.289999999215979e-07
2754 2794 2808 1892 1606 1896 2446 2618 2551 0.10886768299999972
2757 2760 2818 1893 1610 1890 2513 2617 2571 0.288883816000002
2766 2776 2798 1887 1604 1896 2495 2636 2550 0.6651334589999998
2749 2776 2810 1890 1605 1885 2483 2640 2558 0.8251695179999992
2742 2777 2807 1894 1601 1888 2522 2611 2537 1.1807556900000016
2770 2790 2795 1893 1604 1890 2512 2611 2540 1.5712498289999992
2772 2771 2800 1888 1606 1884 2483 2618 2568 1.7012094749999989
2761 2788 2812 1895 1602 1883 2527 2622 2590 2.011963829999999
2761 2769 2799 1899 1604 1890 2501 2619 2555 2.2219779720000012
2778 2794 2810 1889 1603 1885 2473 2610 2532 2.582380017000002
2755 2798 2819 1894 1607 1889 2495 2633 2542 2.9368783689999987
2754 2778 2802 1896 1605 1883 2566 2618 2575 3.122883527999999
2738 2775 2802 1893 1609 1883 2544 2627 2599 3.5039866060000016
2774 2780 2808 1892 1613 1895 2501 2611 2547 3.6939834769999997
2754 2773 2813 1895 1605 1890 2438 2607 2580 4.326555276000001
2764 2777 2808 1894 1603 1894 2497 2622 2575 4.53923846
2735 2786 2813 1894 1604 1886 2411 2631 2579 4.769257474
