2421 2462 2457 1770 1771 1768 1675 1650 1655 7.289999999215979e-07
2412 2476 2454 1766 1776 1760 1682 1644 1652 0.10886768299999972
2408 2464 2461 1772 1769 1764 1682 1651 1657 0.3272361210000021
2409 2475 2462 1776 1778 1759 1678 1653 1654 0.695188722000001
2418 2448 2461 1773 1765 1766 1677 1652 1658 0.9406786270000005
2417 2454 2463 1775 1777 1761 1680 1650 1657 1.270710697000002
2419 2466 2467 1772 1763 1762 1682 1651 1657 1.5712498289999992
2413 2457 2467 1770 1774 1761 1676 1646 1655 1.875813493999999
2402 2472 2463 1776 1764 1760 1678 1644 1661 2.071891289
2420 2472 2463 1772 1773 1758 1676 1646 1653 2.3319608249999995
2416 2467 2459 1768 1760 1762 1679 1650 1652 2.9368783689999987
2414 2455 2461 1778 1764 1760 1678 1656 1659 3.202939849
2400 2465 2458 1766 1767 1765 1680 1647 1660 3.387931217000002
2416 2461 2473 1779 1763 1762 1682 1652 1653 3.753958708999999
2417 2472 2474 1775 1766 1766 1674 1648 1652 4.326555276000001
2416 2465 2461 1781 1765 1758 1679 1642 1661 4.609226156000002
2414 2469 2461 1786 1766 1763 1677 1653 1658 4.877635400999999
