2759 2736 2804 1887 1704 1877 2488 2619 2552 1.4589999999259362e-06
2723 2788 2784 1892 1705 1872 2493 2608 2573 0.1214693269999998
2725 2783 2810 1891 1704 1877 2562 2634 2515 0.2594860590000003
2754 2770 2811 1890 1706 1875 2514 2619 2555 0.5013409030000009
2728 2786 2808 1888 1708 1873 2482 2631 2576 0.8390759630000009
2748 2762 2815 1896 1698 1875 2553 2597 2543 1.0587203919999997
2749 2784 2806 1890 1703 1869 2477 2620 2531 1.2968573940000017
2737 2779 2799 1889 1701 1875 2475 2600 2476 1.6610611550000005
2744 2780 2789 1891 1705 1869 2510 2627 2586 2.031367356999999
2745 2783 2800 1894 1700 1875 2530 2618 2532 2.209690313000001
2744 2804 2806 1885 1705 1874 2506 2635 2546 2.746733076
2720 2750 2795 1898 1705 1866 2556 2629 2465 2.858092935
2748 2794 2790 1885 1701 1881 2535 2636 2539 3.208095962
2734 2773 2809 1895 1704 1872 2527 2622 2524 3.4051558219999993
2746 2783 2804 1891 1699 1873 2451 2645 2498 3.6151728810000012
2771 2796 2817 1888 1701 1872 2502 2617 2447 3.957666195
2754 2766 2806 1887 1705 1877 2552 2627 2544 4.187606075
2743 2797 2787 1885 1703 1880 2511 2624 2575 4.446027288000002
2740 2791 2810 1888 1703 1875 2548 2628 2497 4.716674896999999
2764 2766 2791 1889 1703 1875 2463 2631 2530 5.006581985000002
