2388 2475 2464 1805 1759 1747 1675 1743 1731 1.4589999999259362e-06
2396 2457 2445 1809 1754 1751 1673 1739 1734 0.1214693269999998
2410 2448 2465 1805 1757 1750 1669 1736 1736 0.4410742980000002
2396 2470 2456 1810 1754 1748 1670 1736 1733 0.6732849979999997
2397 2457 2466 1819 1757 1747 1677 1740 1736 0.9881065519999996
2398 2449 2465 1819 1756 1754 1676 1746 1737 1.266562175999999
2402 2454 2453 1818 1751 1747 1673 1742 1733 1.6915084420000017
2395 2453 2456 1813 1753 1748 1670 1746 1734 1.8290033270000006
2402 2465 2456 1821 1751 1748 1672 1742 1736 2.0106655940000007
2382 2467 2467 1802 1757 1750 1679 1741 1732 2.359801793000001
2393 2461 2448 1809 1758 1750 1677 1739 1734 2.746733076
2390 2454 2457 1800 1755 1745 1674 1737 1733 2.908075393999999
2391 2458 2468 1805 1755 1753 1674 1742 1739 3.138079092
2414 2456 2455 1800 1760 1750 1671 1747 1734 3.475170139000001
2399 2465 2463 1813 1750 1756 1674 1738 1735 3.7151593149999993
2392 2464 2450 1812 1753 1747 1675 1742 1739 4.087568951
2392 2456 2456 1816 1757 1756 1666 1740 1732 4.326039629000002
2390 2464 2455 1816 1750 1750 1660 1740 1738 4.656059299000001
2375 2467 2459 1811 1755 1753 1670 1741 1736 4.896565217000001
