2412 2471 2453 1773 1725 1747 1730 1722 1724 1.0939999981474102e-06
2400 2464 2436 1776 1732 1747 1726 1728 1732 0.20925744499999155
2398 2462 2439 1770 1731 1741 1729 1723 1721 0.4292880629999871
2403 2465 2439 1774 1727 1746 1727 1722 1722 0.7927303879999954
2401 2469 2439 1775 1735 1741 1728 1723 1725 1.000723875999995
2409 2461 2449 1775 1734 1735 1731 1726 1727 1.2527425239999985
2409 2453 2444 1774 1730 1742 1730 1725 1727 1.465247747999996
2412 2463 2442 1772 1720 1740 1726 1723 1724 1.713256085999987
2403 2466 2447 1772 1730 1740 1728 1725 1722 2.0716269009999877
2402 2463 2467 1773 1729 1746 1733 1727 1721 2.2836711789999953
2406 2461 2457 1772 1738 1741 1732 1726 1724 2.653837345999989
2403 2473 2452 1768 1729 1741 1732 1726 1723 2.8638237719999893
2404 2471 2449 1774 1729 1740 1730 1727 1725 3.223776904999994
2418 2469 2450 1776 1727 1742 1732 1727 1726 3.5738029059999974
2419 2464 2449 1767 1731 1741 1731 1726 1722 3.783787144999991
2416 2468 2437 1770 1731 1740 1730 1725 1725 4.023785072999999
2416 2457 2451 1771 1732 1742 1730 1723 1726 4.3738329549999975
2405 2463 2450 1769 1721 1740 1726 1723 1726 4.647415816999995
2404 2466 2444 1771 1729 1743 1729 1727 1727 4.923400415999993
