2719 2786 2795 1907 1685 1880 2500 2604 2602 1.0939999981474102e-06
2745 2781 2794 1903 1685 1880 2547 2626 2629 0.10930273799999668
2751 2750 2778 1907 1687 1878 2585 2632 2636 0.3492900910000003
2734 2774 2810 1899 1686 1887 2570 2620 2584 0.5647841749999998
2751 2766 2798 1907 1686 1880 2541 2614 2601 0.9047397289999992
2744 2762 2799 1903 1687 1871 2563 2638 2564 1.1287420019999956
2746 2782 2800 1906 1685 1873 2528 2622 2606 1.501217278999988
2754 2756 2773 1909 1684 1875 2581 2616 2595 1.7372180259999936
2749 2803 2795 1909 1688 1875 2567 2616 2571 1.9665055049999864
2736 2792 2793 1903 1686 1879 2535 2619 2593 2.1756575599999906
2750 2759 2785 1910 1684 1876 2586 2639 2608 2.5038352669999995
2745 2782 2787 1901 1683 1877 2538 2624 2564 2.9538021179999987
2755 2760 2786 1900 1688 1872 2546 2616 2625 3.113795145999987
2736 2783 2796 1903 1682 1880 2519 2635 2599 3.4538064939999913
2730 2772 2780 1901 1684 1879 2568 2639 2577 3.643805917999998
2721 2776 2799 1903 1683 1875 2537 2618 2604 3.9138182659999927
2717 2788 2790 1904 1689 1870 2515 2609 2621 4.153848649999986
2745 2782 2792 1902 1687 1872 2549 2629 2593 4.551462666999996
2745 2775 2799 1903 1685 1875 2480 2624 2609 4.739399864999996
2733 2769 2797 1906 1683 1874 2462 2635 2611 4.979407639999991
