2425 2463 2464 1774 1738 1749 1729 1722 1723 7.289999999215979e-07
2415 2464 2473 1775 1739 1741 1729 1722 1727 0.18749225100000189
2415 2466 2454 1776 1739 1752 1730 1721 1725 0.39555420699999644
2417 2462 2464 1774 1743 1755 1731 1725 1728 0.731498350999999
2417 2465 2463 1774 1733 1746 1732 1726 1726 0.9715362330000019
2404 2469 2461 1774 1738 1745 1734 1725 1723 1.2195181359999978
2405 2456 2471 1777 1739 1752 1730 1724 1728 1.5795288289999974
2428 2468 2465 1776 1741 1751 1731 1723 1724 1.7835163009999988
2415 2471 2455 1778 1739 1754 1731 1721 1726 2.1430933979999978
2415 2477 2466 1780 1741 1756 1730 1724 1723 2.387087610000002
2430 2456 2454 1778 1740 1753 1732 1725 1728 2.6548227179999984
2422 2469 2472 1778 1743 1747 1729 1722 1725 3.0187973979999967
2401 2463 2465 1774 1743 1747 1733 1723 1724 3.2627504020000018
2421 2473 2457 1768 1743 1760 1733 1721 1727 3.4587719729999975
2413 2465 2453 1776 1735 1756 1731 1722 1726 3.70678925
2404 2466 2453 1771 1742 1750 1730 1720 1727 3.970784279
2416 2465 2452 1774 1740 1749 1729 1719 1725 4.222749862000001
2409 2478 2476 1776 1739 1747 1730 1725 1723 4.494803783999998
2402 2459 2462 1776 1740 1756 1731 1724 1725 4.858781016999998
