2406 2480 2467 1767 1759 1724 1633 1657 1712 7.289999999215979e-07
2412 2475 2461 1768 1762 1726 1627 1650 1712 0.233298738000002
2415 2470 2461 1771 1755 1723 1627 1659 1712 0.42136461799999836
2411 2463 2462 1767 1759 1723 1635 1655 1715 0.7580391999999989
2419 2474 2465 1774 1751 1722 1629 1652 1712 1.0380327680000008
2417 2468 2463 1765 1752 1719 1642 1651 1712 1.2740658190000005
2411 2463 2467 1769 1758 1721 1640 1656 1712 1.6060817130000018
2412 2459 2468 1767 1760 1719 1637 1648 1714 1.8460481190000024
2431 2467 2464 1765 1758 1725 1637 1649 1717 2.2140207010000026
2420 2467 2471 1764 1753 1724 1634 1655 1714 2.4380640569999983
2414 2464 2461 1766 1753 1724 1630 1655 1708 2.7740683709999985
2425 2466 2474 1778 1760 1724 1640 1640 1714 3.014037694999999
2411 2467 2461 1771 1752 1727 1636 1653 1715 3.2540376509999973
2419 2474 2464 1781 1757 1724 1637 1648 1717 3.5100383340000008
2416 2473 2467 1767 1760 1733 1640 1652 1713 3.9235814609999977
2420 2457 2463 1776 1762 1725 1630 1650 1714 4.159609042
2417 2465 2456 1772 1755 1732 1626 1652 1720 4.455595676999998
2420 2465 2464 1783 1756 1725 1625 1649 1712 4.731576754999999
