-0.01 0.01 0.01 0.78 0.82 0.79 0.12 0.01 0.0 1.4579999998431958e-06 
0.01 0.0 0.03 0.77 0.82 0.79 0.05 0.01 -0.04 0.12523867799999877 
-0.04 -0.01 0.01 0.78 0.82 0.79 0.13 0.01 -0.04 0.4628475509999994 
0.01 -0.01 0.0 0.78 0.82 0.79 0.1 0.0 -0.07 0.7087267540000006 
-0.01 0.0 0.01 0.78 0.82 0.79 0.08 0.0 -0.06 1.0656147570000023 
-0.02 -0.02 0.01 0.77 0.82 0.79 0.09 0.03 -0.07 1.2541175150000008 
0.0 -0.01 0.0 0.77 0.82 0.79 0.09 0.01 -0.03 1.5183875059999998 
0.02 0.01 0.0 0.77 0.82 0.79 0.11 0.01 -0.03 1.8274170109999979 
-0.02 -0.01 0.0 0.77 0.82 0.79 0.05 -0.01 -0.03 2.051407123999997 
-0.03 0.02 0.0 0.77 0.82 0.79 0.09 0.02 -0.03 2.303413551000002 
-0.02 0.01 0.02 0.78 0.81 0.79 0.23 0.01 -0.06 2.6354144929999954 
-0.01 0.02 0.01 0.78 0.82 0.79 0.07 0.0 0.02 2.870072365000002 
-0.01 -0.01 0.0 0.77 0.82 0.78 0.11 0.01 0.0 3.2434997159999988 
-0.01 0.01 0.0 0.78 0.82 0.79 0.08 -0.01 -0.07 3.4754746939999954 
-0.02 0.01 0.02 0.77 0.82 0.79 0.11 0.0 -0.08 3.6714700079999965 
0.0 -0.02 0.01 0.78 0.82 0.79 0.09 0.01 -0.05 3.9474653080000017 
-0.02 -0.01 0.01 0.77 0.82 0.79 0.11 0.02 -0.01 4.249570050999996 
-0.02 0.01 0.0 0.77 0.82 0.79 0.11 0.01 -0.09 4.575269455999997 
0.0 0.0 0.01 0.78 0.82 0.79 0.14 0.01 -0.01 4.857812446999997 
