0.06 0.03 0.0 0.74 0.77 0.77 1.09 0.81 0.78 1.4579999998431958e-06 
0.06 0.02 0.0 0.75 0.77 0.77 1.09 0.8 0.78 0.12523867799999877 
0.06 0.03 0.0 0.74 0.77 0.77 1.08 0.8 0.78 0.2748498640000001 
0.05 0.03 0.0 0.76 0.77 0.76 1.09 0.81 0.77 0.5188426170000007 
0.06 0.02 0.01 0.75 0.76 0.77 1.09 0.81 0.78 0.8550828749999972 
0.07 0.02 0.01 0.74 0.77 0.78 1.07 0.8 0.78 1.1157871009999987 
0.05 0.02 0.0 0.75 0.77 0.77 1.09 0.81 0.78 1.3181291719999955 
0.06 0.02 0.01 0.74 0.77 0.77 1.09 0.8 0.78 1.658318830999999 
0.07 0.02 0.01 0.76 0.77 0.77 1.1 0.81 0.78 1.903402683999996 
0.06 0.03 0.0 0.75 0.77 0.77 1.09 0.8 0.78 2.2273764599999986 
0.05 0.02 -0.01 0.74 0.76 0.77 1.1 0.81 0.78 2.523382786999999 
0.05 0.02 0.0 0.75 0.77 0.77 1.09 0.81 0.78 2.8194241239999975 
0.05 0.02 0.0 0.75 0.76 0.76 1.09 0.81 0.78 3.067463645 
0.08 0.02 0.01 0.76 0.77 0.77 1.09 0.8 0.78 3.3315086339999986 
0.06 0.03 0.02 0.74 0.77 0.77 1.1 0.81 0.78 3.651487790000001 
0.06 0.03 0.0 0.74 0.77 0.77 1.1 0.8 0.78 3.907490659999997 
0.07 0.01 0.0 0.75 0.76 0.77 1.09 0.8 0.78 4.136388168999996 
0.05 0.03 0.0 0.75 0.77 0.77 1.1 0.81 0.78 4.471768164 
0.06 0.02 0.01 0.75 0.76 0.77 1.1 0.81 0.78 4.742320729999999 
0.06 0.02 0.0 0.75 0.76 0.76 1.09 0.81 0.78 5.040006738999995 
