2414 2463 2474 1783 1765 1749 1680 1642 1653 1.0940000052528376e-06
2422 2462 2472 1780 1755 1746 1678 1647 1659 0.2546885920000008
2418 2465 2460 1778 1760 1749 1681 1644 1656 0.3706784510000034
2437 2463 2462 1777 1756 1754 1683 1640 1655 0.6026403000000045
2430 2470 2465 1767 1758 1744 1681 1645 1652 0.9626783430000003
2434 2466 2482 1774 1756 1746 1680 1643 1649 1.1746783950000008
2437 2473 2471 1773 1765 1750 1684 1643 1653 1.5386643800000002
2413 2470 2472 1781 1747 1749 1683 1645 1656 1.782751219000005
2408 2471 2474 1776 1758 1758 1682 1644 1654 2.002683259000001
2418 2457 2479 1783 1760 1751 1678 1647 1658 2.2506352590000063
2415 2477 2466 1778 1747 1751 1682 1645 1652 2.470677430000002
2422 2464 2474 1773 1760 1747 1687 1646 1656 2.738645199000004
2410 2462 2461 1785 1758 1756 1683 1650 1654 3.0826624580000015
2423 2473 2469 1778 1752 1750 1683 1641 1655 3.3151490710000004
2427 2468 2475 1779 1759 1747 1684 1639 1658 3.5631769230000003
2421 2466 2465 1778 1757 1757 1681 1642 1659 3.8991961890000013
2424 2472 2471 1779 1762 1753 1681 1642 1654 4.147953751000003
2429 2471 2468 1775 1762 1754 1687 1646 1661 4.481772220000003
2420 2476 2471 1780 1755 1763 1685 1649 1658 4.825728579
