850 844 839 885 1499 1313 1542 1658 1748 1757 1740 1755 1827 1807 1801 1824
854 845 830 854 1481 1383 1629 1639 1754 1757 1752 1757 1826 1806 1799 1824
866 778 843 755 1484 1375 1573 1644 1745 1754 1748 1755 1828 1593 1799 1820
855 832 786 854 1499 1383 1750 1635 1748 1754 1750 1752 1824 1809 1801 1821
878 854 848 888 1496 1407 1746 1661 1752 1757 1746 1750 1826 1810 1752 1828
866 810 842 872 1508 1413 1750 1652 1750 1752 1746 1752 1790 1798 1800 1824
875 833 854 903 1505 1414 1746 1658 1750 1757 1743 1750 1829 1790 1800 1832
876 854 865 848 1508 1416 1746 1660 1750 1757 1750 1752 1827 1806 1796 1824
830 839 878 897 1508 1425 1746 1655 1752 1755 1752 1757 1829 1811 1807 1824
855 837 798 885 1518 1419 1750 1667 1752 1759 1750 1746 1790 1790 1796 1824
841 867 830 888 1511 1420 1750 1662 1754 1754 1750 1750 1790 1740 1805 1821
839 871 830 848 1508 1433 1741 1674 1752 1752 1746 1750 1826 1798 1802 1824
867 867 830 903 1520 1423 1746 1674 1750 1755 1746 1757 1833 1810 1801 1824
854 848 865 897 1516 1424 1755 1674 1752 1752 1750 1757 1790 1806 1802 1820
866 854 804 905 1520 1419 1744 1667 1750 1750 1743 1750 1827 1752 1798 1824
871 871 853 893 1516 1417 1741 1672 1750 1755 1752 1752 1826 1752 1800 1824
859 854 830 878 1502 1420 1746 1666 1745 1752 1746 1757 1790 1811 1804 1821
842 849 849 875 1514 1430 1752 1660 1752 1752 1743 1757 1740 1802 1800 1823
859 848 804 875 1505 1418 1746 1658 1750 1752 1748 1752 1820 1807 1801 1828
855 842 820 882 1494 1424 1746 1666 1754 1752 1750 1752 1822 1801 1793 1824
853 825 848 872 1502 1422 1752 1672 1754 1750 1754 1757 1790 1641 1804 1832
855 853 820 872 1494 1418 1744 1665 1750 1757 1746 1752 1790 1807 1794 1832
859 854 833 878 1502 1424 1746 1668 1750 1755 1746 1755 1826 1806 1801 1824
865 816 804 878 1494 1419 1750 1663 1750 1749 1743 1757 1822 1798 1796 1824
830 853 853 875 1490 1420 1746 1663 1748 1752 1750 1759 1831 1752 1796 1832
830 815 830 880 1502 1430 1593 1651 1750 1754 1746 1755 1103 1795 1798 1824
859 823 848 880 1495 1416 1741 1655 1752 1752 1743 1757 1826 1740 1795 1829
848 848 817 883 1495 1437 1746 1667 1752 1752 1752 1757 1824 1752 1799 1828
847 854 755 880 1502 1409 1750 1671 1750 1752 1752 1755 1790 1752 1752 1821
848 792 821 871 1490 1418 1746 1663 1752 1754 1743 1752 1835 1492 1800 1826
856 842 836 872 1486 1422 1744 1651 1748 1752 1752 1754 1822 1806 1805 1832
856 755 859 865 1495 1413 1752 1663 1748 1754 1744 1755 1833 1740 1805 1833
856 828 870 863 1501 1418 1744 1656 1750 1759 1750 1757 1826 1811 1752 1821
850 848 853 830 1488 1412 1750 1647 1754 1750 1750 1755 1829 1798 1799 1828
