1.56 1.45 0.63 1.69 0.89 0.77 0.78 0.77 0.77 3.649999982258123e-07 
1.58 1.44 0.41 1.68 0.89 0.78 0.78 0.77 0.77 0.16417765699999975 
1.58 1.44 0.26 1.65 0.88 0.78 0.77 0.77 0.77 0.352732563 
1.58 1.43 0.18 1.6 0.89 0.77 0.77 0.77 0.77 0.6247223019999986 
1.58 1.43 0.13 1.49 0.89 0.78 0.77 0.77 0.77 0.9647040979999986 
1.59 1.43 0.17 1.31 0.89 0.78 0.77 0.77 0.77 1.1994356340000003 
1.61 1.43 0.19 1.32 0.88 0.78 0.77 0.77 0.77 1.4394643989999985 
1.61 1.44 0.25 1.22 0.88 0.77 0.77 0.77 0.77 1.8155735499999999 
1.61 1.44 0.19 1.2 0.88 0.77 0.77 0.77 0.77 2.036321360999999 
1.61 1.44 0.2 1.21 0.88 0.77 0.77 0.77 0.77 2.2723292499999985 
1.61 1.44 0.25 1.23 0.88 0.77 0.77 0.77 0.77 2.672312037000001 
1.61 1.44 0.21 1.31 0.9 0.77 0.77 0.77 0.77 3.038759925000001 
1.61 1.43 0.23 1.49 0.89 0.77 0.77 0.77 0.77 3.342694593000001 
1.61 1.43 0.16 1.48 0.88 0.78 0.77 0.76 0.77 3.550733574999999 
1.61 1.42 0.22 1.57 0.9 0.77 0.77 0.76 0.77 3.9227376099999987 
1.59 1.42 0.19 1.59 0.89 0.78 0.78 0.77 0.77 4.162713497999999 
1.6 1.43 0.15 1.61 0.9 0.77 0.77 0.77 0.77 4.354707263000002 
1.59 1.43 0.17 1.6 0.89 0.77 0.78 0.76 0.77 4.622752342999998 
1.59 1.42 0.16 1.59 0.89 0.77 0.77 0.76 0.77 4.870745550999999 
