2762 2782 2805 1894 1587 1869 2491 2620 2232 7.289999928161706e-07
2775 2788 2826 1894 1585 1869 2518 2623 2206 0.12232749899999362
2766 2758 2834 1887 1581 1871 2501 2632 2336 0.3027348959999898
2770 2795 2819 1892 1585 1872 2502 2625 2287 0.46464684399998646
2766 2778 2825 1893 1584 1862 2500 2612 2271 0.8675182009999958
2762 2803 2799 1895 1582 1871 2464 2620 2278 1.1358342309999898
2756 2796 2829 1899 1586 1874 2480 2628 2262 1.3638226119999928
2759 2785 2827 1892 1583 1870 2485 2614 2164 1.6244137889999877
2778 2782 2820 1895 1582 1869 2394 2607 2293 1.8325052839999927
2765 2783 2820 1892 1584 1868 2487 2622 2253 2.075382139999988
2750 2788 2824 1896 1589 1866 2465 2620 2278 2.3022907249999918
2746 2796 2841 1891 1587 1872 2557 2615 2202 2.664497838999992
2776 2802 2820 1901 1582 1872 2474 2601 2222 2.876546027999993
2738 2761 2856 1890 1583 1871 2510 2625 2311 3.106724264999997
2753 2765 2820 1897 1580 1873 2520 2613 2259 3.4496372969999953
2755 2784 2812 1897 1581 1873 2529 2615 2223 3.793661119999996
2779 2765 2811 1895 1583 1872 2456 2626 2334 4.005627622999995
2764 2779 2836 1897 1582 1870 2440 2620 2338 4.389633022999988
2750 2783 2829 1891 1584 1872 2473 2623 2325 4.709635516999995
2755 2775 2817 1892 1582 1875 2477 2588 2296 4.925693277999997
