1511 1134 848 848 844 839 843 880 1215 1107 850 860 852 852 1363 1243 1165 885 887 887 2048 1604 1402 1431 1313 1162 982 982 2023 1683 1499 1499 1706 1767 1749 1750 1762 1768 1658 1658 1743 1746 1750 1734 1743 1771 1804 1770 1755 1744 1748 1767 1816 1784 1759 1752 1740 1740 1759 1783 1766 1770 1765 1757 1759 1791 1810 1810 1789 1787 1794 1804 1827 1835 1807 1801 1788 1788 1795 1805 1828 1829 1822 1810 1810 1833 1856 1898 1879 1859 1879 1879 1911 2019 1912 1949 2005 2255 2340 2365
1573 1131 979 845 830 830 848 854 1201 1104 854 891 871 904 1365 1213 1174 908 888 882 1970 1551 1383 1452 1262 1158 1005 1027 1995 1639 1503 1502 1717 1767 1752 1750 1755 1752 1641 1641 1740 1744 1752 1737 1745 1768 1791 1770 1746 1746 1754 1767 1810 1781 1759 1759 1752 1752 1757 1771 1768 1762 1768 1757 1763 1791 1807 1806 1793 1789 1796 1800 1823 1823 1799 1799 1783 1783 1795 1805 1826 1826 1812 1806 1815 1840 1846 1888 1879 1859 1882 1887 1942 1998 1967 1967 1937 2302 2452 2476
1103 1127 944 778 865 898 843 755 1273 1104 871 866 860 830 1343 1198 1163 899 904 903 2159 1527 1375 1433 1254 1230 1040 1040 2023 1644 1523 1511 1689 1767 1749 1752 1757 1757 1656 1656 1743 1743 1752 1737 1745 1776 1804 1770 1749 1750 1745 1767 1822 1781 1759 1748 1750 1750 1757 1781 1773 1767 1768 1754 1759 1795 1815 1793 1785 1787 1791 1800 1820 1824 1799 1799 1794 1793 1795 1805 1833 1828 1822 1811 1815 1837 1850 1883 1868 1856 1875 1879 1916 2017 1593 2042 1987 2336 2377 2377
1987 1131 959 832 871 786 854 854 1303 1108 855 871 854 872 1330 1192 1163 970 916 904 2166 1511 1383 1413 1259 1322 1127 1127 1949 1635 1522 1503 1665 1771 1743 1750 1762 1739 1666 1666 1743 1743 1752 1737 1743 1773 1804 1768 1750 1750 1748 1772 1810 1776 1763 1754 1750 1750 1757 1776 1768 1768 1762 1754 1763 1788 1810 1798 1782 1788 1802 1796 1822 1829 1804 1801 1787 1787 1795 1805 1837 1824 1818 1813 1809 1823 1862 1889 1875 1870 1871 1871 1931 2030 1850 1912 1937 2290 2377 2365
1790 1127 959 854 865 859 848 882 1295 1107 878 878 876 872 1322 1198 1166 953 895 888 2229 1531 1407 1416 1245 1290 1127 1127 1965 1663 1518 1506 1700 1767 1750 1746 1761 1761 1661 1661 1740 1740 1752 1737 1743 1766 1798 1773 1746 1746 1752 1766 1801 1781 1759 1750 1746 1746 1759 1773 1776 1765 1765 1757 1761 1789 1812 1806 1789 1779 1796 1807 1834 1820 1807 1804 1790 1789 1791 1801 1829 1829 1818 1810 1820 1837 1854 1890 1879 1861 1867 1895 1862 1862 1752 1752 1912 2336 2414 2353
1896 1127 996 810 871 854 842 872 1278 1110 866 871 860 926 1329 1202 1175 996 928 888 2128 1529 1413 1422 1259 1335 1175 1204 1990 1652 1524 1516 1690 1767 1746 1750 1768 1768 1673 1673 1737 1743 1750 1732 1743 1771 1798 1770 1752 1752 1750 1770 1804 1788 1755 1752 1746 1746 1752 1778 1776 1767 1762 1752 1759 1789 1818 1805 1782 1779 1800 1796 1826 1845 1807 1800 1783 1783 1789 1805 1835 1828 1818 1798 1815 1837 1860 1898 1875 1855 1877 1877 1790 1949 1862 1862 2005 2302 2340 2377
1673 1136 1040 856 866 882 854 860 1252 1113 885 875 833 892 1334 1199 1176 1018 938 903 2238 1528 1414 1424 1278 1363 1175 1286 2023 1658 1524 1520 1679 1779 1749 1746 1766 1757 1678 1678 1746 1748 1752 1734 1743 1773 1793 1767 1749 1746 1750 1770 1816 1784 1759 1752 1743 1743 1759 1773 1772 1770 1768 1757 1759 1789 1815 1806 1789 1784 1794 1796 1822 1829 1802 1800 1790 1789 1791 1809 1833 1829 1813 1810 1815 1824 1850 1881 1877 1868 1871 1871 1790 2030 1838 1838 1949 2336 2377 2377
1508 1135 926 858 859 872 865 848 1235 1115 885 880 854 892 1337 1203 1171 1015 953 905 2233 1536 1416 1423 1285 1411 1210 1304 2005 1660 1518 1518 1700 1763 1746 1746 1768 1757 1676 1676 1737 1740 1752 1732 1743 1768 1798 1770 1750 1744 1750 1773 1804 1788 1762 1752 1750 1750 1754 1776 1772 1770 1765 1757 1762 1787 1818 1806 1785 1784 1800 1802 1822 1839 1799 1796 1788 1782 1791 1805 1840 1831 1818 1806 1812 1832 1860 1898 1879 1865 1882 1888 1938 2042 1838 1838 2005 2252 2414 2353
1103 1127 926 839 867 880 878 888 1208 1110 830 830 860 860 1346 1215 1171 1018 970 897 2233 1536 1428 1425 1290 1407 1210 1385 2008 1655 1513 1513 1690 1776 1749 1746 1760 1752 1669 1669 1743 1743 1752 1737 1743 1773 1793 1770 1746 1746 1752 1767 1811 1788 1755 1754 1752 1752 1759 1776 1766 1767 1762 1757 1763 1790 1812 1810 1783 1779 1800 1802 1823 1838 1807 1807 1787 1787 1795 1812 1833 1829 1827 1812 1811 1832 1861 1883 1875 1865 1879 1903 1949 1949 1912 1912 2042 2296 2377 2377
1383 1131 916 871 798 798 826 826 1209 1110 887 875 855 882 1350 1219 1181 1047 989 885 1912 1547 1419 1423 1302 1407 1240 1431 1993 1667 1520 1518 1701 1776 1749 1750 1760 1760 1687 1687 1737 1744 1752 1732 1745 1777 1805 1763 1746 1741 1752 1767 1816 1776 1759 1750 1752 1746 1757 1776 1768 1767 1765 1761 1763 1794 1812 1801 1789 1795 1798 1790 1820 1839 1802 1802 1790 1782 1794 1801 1844 1824 1813 1810 1818 1835 1840 1890 1872 1862 1868 1888 1790 2030 1912 1949 2048 2336 2342 2353
1350 1127 928 876 867 830 836 888 1192 1109 866 877 841 898 1350 1215 1177 1043 959 888 2159 1552 1435 1420 1303 1402 1252 1431 1993 1662 1530 1518 1690 1767 1749 1750 1771 1770 1674 1674 1740 1740 1752 1734 1743 1773 1798 1770 1746 1744 1754 1763 1816 1776 1759 1750 1752 1750 1754 1773 1768 1767 1765 1754 1759 1789 1807 1798 1785 1791 1800 1802 1816 1829 1804 1807 1795 1785 1795 1809 1839 1837 1822 1806 1818 1832 1850 1890 1879 1862 1877 1877 1790 2030 1740 1949 2042 2338 2414 2454
1127 1135 943 871 871 880 830 848 1192 1113 839 875 859 882 1356 1215 1179 1040 960 903 2078 1540 1433 1433 1333 1383 1165 1481 2008 1691 1528 1511 1689 1771 1746 1741 1768 1768 1674 1674 1737 1740 1750 1734 1745 1773 1784 1770 1750 1750 1752 1770 1810 1781 1752 1750 1746 1746 1759 1776 1766 1770 1765 1754 1763 1789 1812 1798 1787 1787 1798 1788 1826 1828 1802 1802 1796 1793 1791 1812 1826 1826 1818 1798 1811 1831 1850 1903 1868 1862 1875 1890 1931 2019 1912 1949 2064 2336 2414 2005
1322 1131 916 871 836 836 830 888 1193 1118 882 875 867 926 1351 1210 1179 1064 939 903 2191 1547 1423 1425 1319 1412 1240 1431 2008 1674 1523 1523 1691 1771 1746 1746 1768 1768 1682 1682 1740 1746 1746 1737 1743 1771 1810 1770 1755 1744 1750 1770 1793 1784 1755 1754 1746 1746 1759 1781 1766 1767 1762 1757 1761 1789 1815 1801 1785 1787 1794 1798 1822 1827 1802 1801 1790 1790 1801 1805 1834 1833 1812 1810 1818 1829 1856 1884 1872 1862 1877 1895 1942 1912 1862 2054 1981 2290 2377 2191
1322 1131 898 854 856 865 865 872 1199 1115 900 865 854 848 1354 1214 1182 1099 989 897 2210 1552 1430 1424 1313 1400 1278 1481 1949 1687 1528 1516 1708 1779 1749 1755 1766 1766 1674 1674 1738 1738 1750 1737 1745 1773 1798 1766 1752 1750 1752 1772 1811 1776 1752 1750 1750 1750 1757 1776 1768 1765 1768 1757 1763 1789 1812 1806 1791 1783 1800 1796 1822 1838 1802 1802 1795 1791 1793 1801 1831 1831 1822 1806 1815 1827 1856 1900 1867 1865 1868 1887 1790 2005 1888 1949 1912 2336 2414 2464
1326 1127 909 876 854 804 865 872 1199 1110 866 867 858 882 1342 1218 1177 1043 993 905 2233 1536 1425 1419 1301 1390 1250 1431 2036 1680 1530 1523 1680 1771 1749 1744 1768 1761 1667 1667 1740 1745 1750 1732 1743 1776 1798 1770 1752 1741 1750 1770 1798 1784 1761 1754 1743 1743 1757 1771 1768 1767 1762 1750 1766 1790 1812 1806 1789 1787 1800 1807 1823 1838 1811 1798 1791 1778 1793 1805 1837 1835 1823 1806 1815 1827 1875 1896 1868 1857 1879 1895 1938 2005 1752 1967 2005 2333 2415 2104
1370 1135 928 885 865 854 853 932 1192 1113 882 888 871 961 1341 1213 1177 1070 948 893 2204 1544 1429 1417 1319 1400 1278 1495 2054 1672 1516 1516 1712 1779 1749 1741 1763 1763 1682 1682 1743 1743 1750 1737 1740 1773 1810 1766 1749 1750 1750 1767 1816 1776 1755 1754 1752 1752 1752 1776 1768 1768 1768 1759 1761 1787 1812 1793 1785 1787 1800 1806 1822 1843 1802 1800 1787 1787 1791 1812 1831 1829 1813 1810 1815 1837 1846 1901 1879 1850 1875 1883 1931 2005 1752 1838 2036 2333 2414 2454
1322 1131 922 859 854 859 830 844 1204 1119 882 875 859 913 1342 1208 1177 1049 975 910 2159 1560 1425 1420 1302 1378 1202 1466 1931 1666 1531 1516 1690 1767 1746 1746 1766 1766 1682 1682 1743 1743 1755 1734 1740 1776 1791 1770 1752 1750 1745 1770 1810 1781 1752 1754 1746 1746 1759 1776 1762 1762 1767 1759 1761 1790 1806 1801 1785 1783 1791 1800 1826 1823 1807 1804 1790 1790 1789 1809 1837 1837 1818 1811 1815 1833 1860 1894 1875 1871 1875 1879 1790 1998 1838 1838 2005 2302 2414 2377
1331 1127 892 853 849 888 849 872 1191 1110 842 877 854 872 1337 1207 1174 1007 959 875 2154 1535 1430 1430 1306 1407 1202 1385 1965 1660 1523 1520 1710 1771 1749 1752 1766 1766 1666 1666 1740 1746 1752 1734 1748 1773 1798 1767 1750 1746 1752 1766 1801 1776 1752 1752 1743 1743 1761 1773 1766 1768 1762 1757 1761 1791 1820 1801 1793 1790 1800 1796 1826 1828 1802 1800 1791 1789 1794 1811 1826 1826 1822 1818 1815 1837 1856 1905 1868 1860 1875 1879 1740 2030 1887 2005 2036 2252 2452 2191
1363 1127 911 865 858 804 842 888 1198 1107 872 871 859 848 1331 1206 1177 965 947 875 2189 1539 1431 1418 1308 1418 1165 1431 1981 1658 1531 1524 1700 1771 1750 1746 1763 1761 1673 1673 1737 1746 1755 1729 1733 1771 1798 1773 1750 1744 1750 1770 1804 1781 1752 1748 1750 1750 1757 1773 1762 1770 1762 1761 1762 1789 1810 1796 1785 1787 1800 1800 1822 1833 1807 1801 1794 1793 1791 1812 1833 1829 1820 1810 1809 1837 1846 1888 1866 1856 1868 1879 1912 1912 1937 1949 2036 2252 2414 2464
1363 1135 892 844 842 823 820 922 1199 1110 871 871 855 848 1335 1197 1174 950 909 882 2150 1538 1425 1424 1292 1422 1162 1304 2023 1666 1516 1511 1680 1760 1746 1746 1766 1766 1668 1668 1743 1743 1750 1739 1740 1778 1798 1766 1743 1743 1754 1770 1811 1788 1752 1750 1752 1752 1759 1776 1772 1772 1768 1752 1761 1789 1812 1806 1782 1783 1800 1800 1816 1828 1802 1793 1790 1785 1791 1805 1822 1822 1818 1801 1816 1827 1860 1875 1877 1857 1868 1871 1925 2019 1887 1937 1912 2333 2414 2454
1383 1135 871 825 866 878 848 872 1193 1107 871 864 849 900 1330 1191 1165 922 947 882 2114 1527 1422 1416 1297 1359 1127 1278 1981 1672 1516 1511 1722 1771 1749 1752 1760 1760 1685 1685 1740 1743 1755 1737 1743 1771 1798 1770 1750 1750 1754 1770 1816 1776 1752 1754 1755 1755 1757 1778 1768 1767 1762 1750 1766 1791 1812 1801 1785 1793 1794 1798 1826 1838 1807 1804 1791 1791 1795 1811 1827 1826 1813 1813 1812 1826 1856 1893 1868 1851 1887 1887 1790 2005 1641 1967 2005 2336 2377 2377
1407 1123 893 856 854 854 820 872 1202 1115 885 875 853 913 1330 1195 1157 909 932 882 2143 1527 1418 1416 1285 1394 1127 1313 2008 1665 1511 1494 1710 1767 1746 1744 1763 1761 1665 1665 1740 1745 1755 1737 1748 1771 1798 1766 1746 1741 1750 1767 1816 1773 1761 1748 1746 1746 1757 1773 1766 1765 1765 1757 1761 1787 1812 1801 1793 1788 1789 1800 1827 1835 1794 1794 1795 1789 1791 1810 1835 1826 1823 1810 1818 1824 1864 1893 1876 1865 1868 1879 1790 1998 1807 2078 1981 2203 2414 2191
1436 1136 921 856 833 833 836 900 1197 1107 871 878 859 913 1317 1190 1164 919 905 878 2121 1529 1424 1398 1281 1348 1127 1304 2005 1678 1519 1506 1701 1771 1752 1746 1766 1761 1668 1668 1743 1743 1752 1737 1743 1771 1802 1773 1750 1741 1750 1770 1811 1773 1755 1750 1746 1746 1757 1781 1768 1768 1762 1759 1757 1791 1810 1801 1784 1787 1798 1796 1822 1834 1802 1801 1799 1782 1791 1812 1826 1826 1822 1806 1812 1832 1850 1893 1875 1862 1887 1887 1931 2030 1862 1949 2036 2333 2377 2377
1436 1127 910 864 844 804 844 872 1208 1110 888 865 816 816 1317 1181 1160 928 885 878 2114 1538 1419 1395 1271 1384 1092 1230 1993 1663 1517 1503 1682 1771 1752 1750 1760 1760 1668 1668 1738 1738 1752 1737 1743 1768 1798 1763 1750 1750 1750 1767 1805 1776 1749 1752 1743 1743 1757 1778 1768 1767 1768 1754 1763 1787 1812 1806 1793 1779 1796 1794 1826 1828 1801 1796 1787 1787 1791 1809 1822 1822 1818 1798 1815 1832 1861 1896 1879 1865 1871 1871 1945 2069 1912 2042 1949 2336 2377 2462
1492 1131 892 871 858 871 853 898 1206 1110 830 830 853 913 1317 1180 1164 913 909 875 2128 1538 1420 1381 1273 1240 1098 1127 2008 1663 1517 1501 1710 1771 1746 1746 1763 1757 1674 1674 1740 1745 1755 1734 1743 1776 1804 1770 1750 1746 1748 1763 1816 1781 1752 1750 1756 1757 1759 1778 1772 1765 1768 1759 1759 1789 1816 1801 1783 1783 1796 1800 1827 1829 1807 1796 1790 1785 1798 1805 1834 1833 1822 1812 1818 1829 1850 1898 1867 1865 1879 1879 1931 1949 1752 1862 2036 2333 2414 2365
1593 1137 872 815 830 830 848 872 1228 1110 867 830 839 913 1309 1176 1160 913 882 880 2154 1519 1430 1373 1267 1278 1064 1153 1981 1651 1512 1503 1722 1771 1743 1750 1766 1752 1658 1658 1740 1743 1755 1734 1743 1776 1804 1767 1752 1752 1750 1774 1811 1784 1755 1750 1746 1746 1757 1776 1766 1768 1765 1754 1761 1794 1810 1798 1789 1783 1802 1794 1823 1828 1795 1798 1795 1789 1789 1809 1832 1828 1815 1806 1811 1828 1845 1906 1862 1865 1877 1888 1103 2030 1862 1912 2005 2338 2377 2377
1595 1137 823 823 853 872 848 848 1225 1110 859 863 832 872 1317 1171 1160 916 880 880 2154 1535 1416 1361 1252 1236 1033 1099 2008 1655 1520 1495 1697 1767 1746 1741 1760 1752 1663 1663 1743 1743 1752 1729 1748 1771 1791 1773 1755 1750 1752 1770 1816 1787 1755 1752 1743 1743 1757 1778 1766 1767 1759 1752 1763 1791 1810 1796 1785 1787 1802 1798 1826 1833 1795 1795 1795 1789 1783 1805 1837 1826 1815 1810 1812 1832 1850 1893 1875 1865 1862 1871 1740 1740 1912 1912 1949 2302 2414 2353
1722 1137 872 854 817 817 848 916 1242 1110 848 875 848 913 1322 1176 1159 916 887 883 1912 1527 1431 1373 1260 1270 1064 1099 1981 1668 1512 1501 1708 1774 1746 1746 1763 1762 1667 1667 1740 1744 1752 1734 1745 1777 1805 1770 1746 1741 1752 1770 1820 1788 1752 1754 1752 1752 1757 1776 1772 1767 1765 1761 1761 1790 1816 1810 1782 1781 1800 1800 1822 1838 1799 1799 1799 1793 1795 1811 1834 1824 1823 1798 1815 1824 1812 1888 1875 1870 1862 1862 1790 2005 1752 1949 1981 2211 2377 2420
1694 1132 880 854 808 755 859 870 1234 1110 859 871 847 926 1304 1179 1163 928 920 880 2159 1531 1409 1365 1252 1236 1005 1099 1995 1671 1507 1506 1697 1763 1752 1750 1763 1748 1671 1671 1740 1743 1752 1737 1740 1771 1798 1763 1752 1752 1750 1770 1805 1781 1755 1752 1752 1752 1759 1781 1768 1767 1765 1752 1762 1788 1812 1801 1782 1787 1800 1800 1826 1835 1802 1802 1787 1787 1795 1809 1817 1829 1812 1812 1815 1828 1865 1893 1875 1853 1867 1877 1790 2005 1752 1752 1981 2336 2414 2415
1752 1132 904 880 821 821 877 942 1225 1107 848 870 859 792 1314 1168 1154 916 871 877 2104 1511 1418 1390 1252 1236 1070 1099 2023 1663 1520 1508 1732 1763 1749 1746 1763 1762 1671 1671 1733 1743 1752 1729 1745 1773 1791 1770 1746 1746 1752 1770 1805 1776 1759 1743 1750 1750 1757 1778 1765 1765 1762 1754 1759 1787 1812 1801 1789 1790 1800 1800 1829 1833 1802 1800 1795 1793 1791 1811 1835 1835 1822 1811 1815 1831 1861 1888 1862 1862 1875 1895 1790 2030 1492 1838 1981 2302 2414 2353
1752 1132 892 871 836 836 877 872 1248 1110 867 859 842 936 1326 1175 1151 908 882 880 2204 1528 1422 1373 1269 1236 1037 1102 2008 1651 1525 1499 1699 1763 1749 1744 1763 1763 1679 1679 1743 1743 1749 1732 1748 1781 1798 1770 1752 1750 1748 1770 1811 1784 1761 1752 1752 1752 1754 1778 1768 1762 1765 1752 1763 1791 1807 1793 1789 1783 1802 1796 1822 1834 1807 1805 1795 1784 1787 1801 1837 1834 1822 1806 1818 1837 1846 1890 1879 1857 1875 1881 1938 1912 1838 1838 2005 2302 2377 2104
1666 1132 910 871 836 870 859 898 1240 1110 877 859 856 755 1314 1176 1154 916 878 865 2137 1531 1413 1381 1256 1230 1037 1126 1965 1663 1514 1501 1710 1767 1752 1752 1763 1757 1666 1666 1737 1744 1750 1737 1748 1773 1785 1766 1750 1750 1748 1766 1812 1784 1755 1750 1744 1744 1757 1776 1765 1765 1762 1754 1761 1787 1807 1785 1787 1787 1794 1800 1827 1834 1802 1805 1799 1793 1798 1809 1835 1835 1817 1817 1812 1832 1856 1900 1875 1851 1882 1882 1740 2005 1752 1838 2036 2377 2414 2191
1647 1132 860 860 828 871 870 870 1220 1107 867 863 836 926 1317 1171 1163 949 899 863 2177 1519 1418 1367 1252 1270 1033 1102 1961 1656 1520 1501 1680 1776 1752 1744 1768 1757 1671 1671 1740 1743 1752 1734 1750 1776 1798 1763 1746 1746 1750 1774 1801 1784 1757 1752 1750 1750 1757 1778 1768 1767 1768 1760 1763 1794 1818 1806 1782 1787 1794 1800 1826 1827 1799 1799 1779 1779 1791 1809 1831 1831 1817 1812 1811 1826 1851 1883 1872 1862 1875 1879 1934 2019 1752 1752 2005 2302 2414 2462
1694 1137 892 871 853 864 853 830 1232 1110 859 871 848 872 1320 1176 1166 926 899 893 2189 1530 1412 1374 1246 1278 1027 1127 2036 1647 1510 1503 1691 1771 1752 1750 1766 1752 1657 1657 1737 1748 1755 1732 1743 1773 1804 1770 1746 1746 1754 1767 1812 1788 1752 1750 1750 1750 1759 1768 1768 1765 1765 1750 1767 1789 1804 1806 1787 1787 1798 1802 1831 1828 1799 1799 1795 1789 1798 1809 1840 1833 1818 1798 1810 1831 1846 1894 1872 1862 1887 1883 1934 1998 1838 1838 2005 2252 2414 2365
