2746 2765 2798 1890 1636 1850 2459 2600 2421 1.4579999998431958e-06
2727 2773 2786 1897 1632 1844 2527 2598 2460 0.12523867799999877
2780 2792 2809 1885 1632 1844 2442 2604 2463 0.4628475509999994
2728 2792 2822 1891 1632 1844 2476 2610 2496 0.7087267540000006
2746 2778 2809 1887 1635 1850 2497 2617 2484 1.0656147570000023
2754 2804 2802 1895 1637 1849 2491 2582 2488 1.2541175150000008
2736 2786 2817 1897 1637 1844 2489 2602 2448 1.5183875059999998
2714 2762 2815 1895 1633 1848 2463 2605 2454 1.8274170109999979
2760 2784 2817 1896 1637 1844 2530 2625 2456 2.051407123999997
2765 2749 2815 1898 1637 1843 2485 2597 2449 2.303413551000002
2763 2759 2794 1893 1640 1843 2333 2600 2482 2.6354144929999954
2746 2753 2803 1888 1635 1848 2509 2610 2404 2.870072365000002
2745 2787 2813 1896 1636 1854 2468 2603 2425 3.2434997159999988
2744 2766 2816 1893 1637 1845 2498 2625 2492 3.4754746939999954
2756 2768 2796 1895 1634 1847 2463 2621 2505 3.6714700079999965
2736 2799 2801 1888 1636 1849 2492 2601 2473 3.9474653080000017
2761 2786 2804 1900 1632 1848 2464 2591 2428 4.249570050999996
2754 2769 2810 1894 1637 1845 2465 2606 2517 4.575269455999997
2729 2774 2798 1891 1637 1849 2438 2601 2434 4.857812446999997
