1.13 1.46 -0.02 0.77 0.77 0.77 0.01 -0.01 -0.02 3.649999982258123e-07 
1.13 1.46 -0.01 0.77 0.76 0.77 0.03 0.0 -0.05 0.2607064140000013 
1.09 1.45 0.01 0.77 0.77 0.77 0.0 -0.01 -0.01 0.49672159600000043 
0.99 1.46 0.0 0.77 0.77 0.77 -0.04 0.0 -0.04 0.7407460760000006 
0.87 1.46 -0.01 0.77 0.77 0.77 -0.03 0.0 -0.03 1.0247524970000015 
0.83 1.45 -0.01 0.77 0.77 0.77 0.0 -0.01 0.0 1.3274582200000005 
0.94 1.46 0.0 0.77 0.77 0.77 0.02 0.0 0.03 1.5674359309999986 
0.93 1.46 -0.01 0.77 0.77 0.77 -0.02 0.0 0.03 1.9043110829999996 
0.95 1.46 0.0 0.77 0.77 0.77 0.0 0.01 -0.01 2.176343124999999 
0.91 1.46 0.01 0.77 0.77 0.77 0.01 -0.01 0.04 2.4003007819999986 
0.95 1.46 -0.03 0.77 0.77 0.77 0.01 0.01 0.04 2.640326994999999 
0.93 1.46 0.0 0.77 0.77 0.77 -0.02 0.0 0.02 2.9883450740000015 
0.95 1.46 0.01 0.77 0.77 0.77 0.01 0.01 -0.05 3.2147296250000004 
0.96 1.47 0.0 0.77 0.77 0.77 0.02 0.0 -0.02 3.4426844549999984 
0.95 1.46 -0.01 0.77 0.77 0.77 0.01 -0.01 -0.05 3.7107291700000005 
0.96 1.47 0.0 0.77 0.77 0.77 -0.01 0.01 -0.02 4.046716709999998 
1.0 1.47 -0.02 0.77 0.76 0.77 -0.01 0.01 -0.03 4.286711561000001 
0.95 1.46 -0.02 0.77 0.77 0.77 0.0 0.01 0.02 4.686715134 
0.96 1.46 0.0 0.77 0.76 0.77 -0.01 0.0 0.04 4.962752372000001 
