2777 2758 2835 1889 1588 1828 2403 2619 1941 1.0939999981474102e-06
2786 2786 2845 1887 1585 1829 2396 2619 1931 0.12912608499999578
2753 2767 2835 1881 1588 1834 2474 2611 1946 0.46112739199999453
2769 2780 2805 1898 1590 1832 2508 2606 1942 0.794785404999999
2771 2788 2848 1889 1585 1835 2419 2619 1941 1.0547942009999929
2751 2780 2815 1891 1593 1828 2507 2629 1929 1.3227845790000003
2779 2782 2849 1892 1589 1841 2343 2598 1956 1.6307419470000042
2759 2754 2810 1889 1590 1837 2397 2615 1940 1.8867364310000028
2765 2754 2813 1885 1588 1839 2385 2610 1943 2.098765291999996
2745 2774 2828 1887 1586 1836 2503 2615 1932 2.430761493999995
2781 2797 2826 1888 1594 1834 2501 2603 1943 2.727844699000002
2764 2780 2845 1888 1592 1843 2394 2609 1935 2.885801775999994
2743 2776 2849 1893 1595 1839 2406 2609 1940 3.136231723999998
2747 2775 2827 1893 1588 1838 2402 2618 1954 3.3762488200000007
2762 2792 2837 1887 1596 1841 2437 2614 1963 3.614911157999998
2775 2788 2811 1887 1593 1836 2390 2594 1943 3.954889307000002
2780 2761 2836 1890 1596 1842 2491 2597 1959 4.178896924
2782 2786 2825 1890 1595 1843 2445 2606 1933 4.510898596000004
2741 2795 2843 1887 1594 1842 2423 2627 1939 4.754952250000002
