2005 2563 2581 2526 2551 2587 2563 2353 2526 2526 2502 2569 2377 2446 2353 2454 2479 2486 2491 2542 2377 2440 2423 2423 2451 2451 2203 2094 2086 2304 2352 2397 1774 1760 1762 1771 1785 1801 1799 1868 1746 1749 1406 1406 1705 1530 1599 1647 1757 1745 1379 1379 1717 1717 1752 1523 1331 1331 1351 1390 1768 1665 1209 1209 1285 1252 1452 1772 1774 1685 1258 1240 1397 1760 1789 1776 1419 1424 1250 1237 1827 1806 1813 1816 1458 1458 1743 1884 1860 1840 1955 2016 2005 2005 1752 1862 2042 2330 2502 2563
1790 2502 2536 2551 2587 2563 2464 2353 2104 2502 2498 2563 2353 2514 2486 2458 2479 2482 2491 2520 2377 2440 2446 2425 2451 2451 1912 2042 2060 2304 2349 2408 1771 1760 1762 1774 1788 1809 1815 1868 1743 1752 1407 1407 1710 1533 1588 1643 1757 1746 1378 1378 1717 1717 1765 1494 1363 1339 1354 1416 1768 1674 1234 1199 1273 1269 1494 1781 1785 1658 1229 1209 1397 1745 1789 1789 1420 1420 1229 1232 1821 1806 1807 1816 1462 1462 1727 1887 1864 1844 1962 2023 2005 2211 1740 1937 2042 2333 2452 2104
1790 2551 2551 2551 2613 2612 2563 2551 2377 2526 2480 2520 2353 2502 2377 2479 2453 2482 2508 2502 2353 2419 2423 2423 2443 2451 1862 2104 2080 2286 2352 2416 1774 1767 1765 1771 1791 1804 1817 1865 1743 1749 1413 1413 1716 1538 1579 1638 1757 1741 1376 1384 1717 1717 1767 1484 1392 1403 1362 1409 1762 1613 1226 1226 1267 1267 1591 1783 1779 1635 1218 1218 1484 1752 1783 1783 1387 1387 1252 1248 1821 1806 1807 1817 1461 1461 1711 1884 1867 1838 1953 2001 2094 2104 1740 1862 2042 2296 2498 2498
2353 2581 2545 2545 2575 2563 2353 2353 2377 2520 2508 2526 2502 2508 2491 2508 2453 2491 2498 2489 2377 2399 2416 2423 2449 2454 2005 2054 2120 2269 2352 2418 1774 1772 1762 1771 1791 1812 1839 1875 1743 1749 1414 1414 1685 1566 1566 1613 1752 1741 1376 1376 1713 1713 1763 1472 1379 1385 1376 1418 1770 1641 1207 1207 1286 1286 1696 1768 1771 1605 1224 1215 1606 1740 1783 1783 1369 1369 1262 1245 1826 1806 1802 1812 1467 1467 1668 1888 1867 1838 1961 2023 1790 2080 2005 2005 2042 2377 2498 2353
2353 2353 2581 2573 2575 2551 2476 2377 2545 2551 2480 2563 2551 2553 2513 2454 2482 2502 2496 2514 2365 2419 2440 2443 2446 2458 1752 2138 2086 2303 2351 2416 1771 1760 1763 1779 1788 1812 1844 1859 1749 1749 1419 1419 1625 1634 1596 1621 1746 1739 1379 1383 1708 1708 1757 1469 1381 1407 1365 1429 1771 1605 1207 1207 1308 1304 1708 1784 1781 1552 1224 1218 1624 1752 1793 1785 1378 1378 1237 1237 1826 1817 1811 1811 1472 1472 1663 1877 1857 1851 1943 2016 1790 2203 1912 2005 2042 2330 2526 2545
2377 2502 2545 2520 2613 2600 2563 2563 2553 2520 2536 2545 2551 2545 2353 2430 2479 2486 2489 2508 2377 2440 2441 2446 2451 2451 1862 2094 2102 2283 2352 2408 1782 1752 1762 1767 1785 1804 1850 1864 1743 1745 1416 1416 1650 1610 1601 1645 1757 1740 1380 1384 1717 1717 1757 1478 1383 1407 1373 1423 1770 1564 1182 1182 1286 1286 1690 1776 1771 1645 1206 1206 1577 1729 1789 1782 1322 1322 1250 1208 1821 1811 1802 1816 1446 1446 1704 1884 1849 1838 1961 2001 1492 2005 1740 1862 2005 2286 2454 2526
1127 2502 2569 2581 2587 2612 2563 2377 2377 2553 2536 2536 2377 2502 2191 2479 2476 2470 2491 2502 2160 2440 2440 2449 2449 2454 2005 2098 2098 2283 2320 2402 1789 1763 1762 1774 1794 1809 1850 1868 1749 1755 1422 1422 1674 1604 1596 1622 1752 1741 1383 1386 1717 1717 1752 1459 1381 1407 1364 1428 1763 1557 1223 1215 1276 1276 1684 1776 1752 1594 1208 1208 1589 1752 1788 1773 1337 1337 1234 1224 1812 1816 1805 1816 1458 1458 1704 1893 1875 1851 1949 2000 2005 2194 1752 2054 2054 2330 2498 2508
1790 2569 2569 2575 2587 2587 2563 2613 2353 2536 2464 2526 2353 2514 2377 2479 2504 2462 2526 2492 2377 2440 2419 2443 2446 2476 2078 2098 2110 2304 2326 2377 1774 1756 1765 1771 1782 1812 1844 1873 1743 1749 1422 1422 1673 1596 1595 1635 1752 1745 1381 1381 1707 1707 1757 1466 1389 1418 1361 1422 1752 1564 1195 1195 1258 1258 1691 1776 1781 1561 1250 1213 1607 1760 1793 1782 1357 1357 1245 1226 1833 1806 1799 1820 1467 1467 1701 1859 1844 1844 1949 2008 2005 2078 1492 1949 1987 2420 2452 2514
2353 2551 2551 2551 2575 2587 2377 2353 2551 2508 2542 2563 2353 2520 2519 2486 2453 2470 2470 2486 2377 2419 2443 2425 2451 2451 2005 2098 2054 2303 2351 2416 1776 1763 1762 1774 1796 1809 1844 1878 1752 1749 1416 1416 1680 1591 1596 1632 1752 1739 1381 1392 1712 1712 1766 1459 1385 1431 1373 1417 1763 1586 1207 1207 1290 1270 1708 1774 1763 1557 1243 1237 1621 1752 1789 1785 1364 1364 1278 1245 1823 1801 1813 1816 1463 1463 1685 1875 1851 1845 1961 2032 1790 2128 1740 2005 2005 2290 2498 2191
1790 2353 2462 2573 2650 2551 2365 2377 2377 2502 2551 2508 2353 2464 2491 2479 2486 2464 2470 2470 2377 2419 2420 2449 2449 2479 1949 2122 2042 2277 2320 2377 1773 1760 1765 1774 1790 1796 1840 1877 1746 1746 1428 1428 1674 1599 1604 1638 1752 1727 1376 1401 1708 1708 1752 1446 1392 1450 1378 1431 1763 1573 1207 1207 1285 1301 1721 1781 1781 1564 1232 1224 1647 1752 1789 1776 1341 1341 1252 1248 1822 1796 1802 1812 1459 1469 1693 1887 1867 1837 1934 2031 2005 2175 1790 1862 2042 2336 2454 2377
2353 2377 2545 2545 2587 2612 2600 1790 2377 2508 2508 2545 2563 2520 2491 2486 2476 2476 2491 2520 2191 2421 2440 2449 2463 2479 2005 2098 2098 2312 2302 2377 1782 1762 1766 1767 1796 1812 1844 1871 1746 1755 1423 1423 1688 1605 1591 1629 1761 1727 1383 1394 1707 1707 1752 1450 1390 1403 1378 1423 1757 1517 1207 1207 1252 1252 1737 1776 1779 1573 1218 1218 1629 1740 1789 1773 1378 1378 1232 1232 1820 1811 1807 1816 1461 1461 1711 1879 1867 1838 1954 2023 2005 2005 1752 1838 2042 2330 2454 2353
2005 2545 2569 2584 2551 2551 2551 2551 2353 2551 2551 2502 2377 2452 2496 2452 2479 2476 2502 2480 2449 2419 2437 2426 2452 2452 2122 2122 2073 2286 2326 2396 1774 1760 1752 1771 1790 1809 1840 1875 1749 1749 1420 1420 1682 1599 1605 1629 1740 1727 1380 1395 1707 1707 1763 1455 1387 1403 1373 1427 1779 1573 1197 1197 1241 1241 1719 1778 1779 1527 1202 1202 1633 1752 1789 1785 1373 1373 1220 1245 1824 1816 1812 1816 1462 1467 1687 1879 1849 1837 1955 2041 2104 2104 1740 1838 2078 2333 2498 2353
2377 2377 2569 2551 2551 2569 2353 2551 2353 2520 2520 2520 2191 2508 2353 2454 2482 2482 2491 2476 2446 2440 2419 2426 2446 2452 2104 2156 2086 2314 2320 2408 1767 1767 1759 1774 1794 1812 1850 1868 1746 1749 1418 1418 1682 1585 1601 1629 1763 1734 1385 1397 1707 1707 1759 1457 1381 1431 1374 1431 1763 1641 1197 1197 1269 1269 1728 1776 1790 1542 1258 1219 1641 1752 1799 1785 1378 1378 1252 1248 1820 1815 1810 1820 1472 1480 1678 1884 1857 1856 1973 2041 2121 2211 1492 1949 2005 2290 2498 2526
2005 2545 2612 2587 2587 2662 2476 2476 2377 2508 2480 2486 2377 2508 2377 2453 2454 2496 2526 2502 2377 2398 2443 2427 2449 2452 2054 2054 2073 2290 2326 2377 1773 1757 1765 1773 1796 1796 1840 1865 1749 1749 1418 1418 1682 1586 1611 1622 1761 1730 1387 1394 1707 1707 1757 1450 1387 1431 1378 1423 1763 1583 1207 1207 1285 1286 1718 1776 1782 1557 1241 1221 1633 1757 1789 1789 1378 1378 1270 1264 1815 1820 1807 1820 1468 1474 1710 1890 1860 1851 1966 2008 1912 2163 1492 1862 1937 2377 2476 2476
2353 2569 2581 2581 2548 2551 2353 2551 2365 2514 2551 2526 2353 2508 2464 2452 2486 2486 2480 2514 2104 2440 2437 2446 2464 2476 1912 2122 2086 2304 2320 2409 1771 1763 1768 1774 1796 1805 1840 1875 1749 1752 1418 1418 1682 1596 1595 1629 1752 1723 1387 1397 1717 1717 1757 1455 1397 1450 1375 1429 1779 1593 1193 1193 1290 1264 1728 1776 1771 1573 1219 1203 1641 1757 1771 1783 1368 1368 1240 1230 1829 1806 1811 1812 1462 1473 1704 1887 1846 1831 1961 2023 1790 2191 1752 1967 2086 2333 2452 2353
1127 2353 2476 2551 2613 2551 1103 2377 2353 2514 2480 2526 2377 2508 2462 2462 2479 2470 2470 2470 2365 2419 2430 2425 2453 2453 2005 2122 2060 2314 2353 2409 1795 1763 1765 1771 1796 1804 1840 1860 1749 1749 1411 1411 1688 1596 1605 1629 1757 1734 1380 1395 1697 1697 1752 1450 1385 1385 1375 1424 1771 1593 1209 1209 1241 1241 1719 1781 1771 1605 1219 1219 1635 1735 1799 1785 1362 1362 1215 1215 1821 1811 1812 1816 1466 1467 1711 1879 1876 1838 1955 2032 1790 2104 1752 1949 2023 2336 2526 2502
2573 2551 2508 2508 2575 2612 2551 2536 2508 2508 2553 2536 2502 2480 2502 2453 2470 2470 2496 2520 2425 2425 2462 2423 2432 2454 1912 2141 2120 2314 2349 2415 1782 1768 1752 1776 1791 1816 1856 1865 1743 1749 1424 1424 1676 1599 1602 1638 1761 1730 1390 1398 1707 1707 1752 1445 1396 1418 1380 1428 1763 1573 1209 1209 1285 1301 1719 1776 1781 1573 1237 1221 1633 1757 1790 1781 1362 1362 1235 1230 1821 1811 1807 1807 1466 1474 1693 1900 1859 1838 1973 2048 2104 2175 1862 1862 2078 2377 2498 2104
2353 2551 2545 2526 2575 2575 2353 2377 2353 2526 2514 2551 2377 2480 2353 2464 2452 2486 2470 2470 2215 2419 2399 2446 2454 2470 2005 2042 2073 2307 2326 2408 1774 1760 1762 1771 1790 1804 1840 1868 1749 1755 1414 1414 1676 1604 1605 1628 1746 1723 1383 1397 1707 1707 1763 1455 1381 1450 1375 1434 1768 1605 1193 1193 1236 1236 1718 1776 1781 1605 1241 1226 1613 1745 1796 1789 1336 1336 1235 1230 1821 1801 1807 1807 1468 1484 1693 1879 1840 1831 1961 2001 1790 2185 1593 1824 2042 2239 2508 2508
2573 2502 2536 2551 2587 2587 2489 2489 2353 2514 2508 2536 2489 2508 2353 2479 2479 2482 2496 2492 2423 2423 2440 2443 2449 2452 2005 2160 2086 2283 2325 2377 1774 1763 1765 1771 1791 1816 1846 1870 1749 1752 1427 1427 1682 1604 1595 1633 1761 1738 1383 1394 1712 1712 1767 1450 1385 1466 1372 1434 1779 1549 1223 1202 1290 1292 1718 1783 1781 1527 1241 1241 1611 1752 1796 1785 1353 1353 1256 1230 1827 1812 1807 1824 1463 1463 1687 1862 1867 1840 1948 2032 1103 2005 1740 1967 1981 2377 2498 2377
2377 2365 2593 2551 2612 2539 2353 2353 2353 2514 2489 2563 2377 2502 2353 2482 2454 2482 2489 2520 2425 2440 2416 2427 2449 2427 2005 2005 2042 2304 2320 2408 1782 1763 1759 1773 1802 1812 1840 1873 1749 1752 1419 1419 1676 1593 1608 1638 1740 1727 1384 1397 1712 1712 1763 1455 1381 1450 1383 1434 1768 1605 1207 1207 1296 1296 1718 1781 1781 1557 1258 1241 1624 1752 1794 1785 1318 1318 1241 1241 1824 1816 1807 1820 1462 1473 1687 1871 1865 1844 1949 2032 1492 2078 1740 1967 2042 2326 2452 2551
1790 2489 2464 2551 2536 2587 2569 2377 2377 2502 2508 2498 2377 2508 2353 2453 2452 2482 2491 2526 2191 2419 2440 2443 2446 2453 2005 2122 2086 2285 2320 2377 1752 1760 1752 1773 1791 1804 1845 1868 1749 1759 1417 1417 1687 1613 1595 1635 1752 1730 1384 1395 1712 1712 1757 1446 1390 1466 1381 1423 1762 1586 1193 1193 1290 1290 1735 1784 1781 1542 1237 1226 1618 1746 1795 1777 1336 1336 1218 1237 1833 1801 1816 1816 1468 1475 1704 1896 1857 1850 1966 2016 2111 1949 1740 1862 1937 2418 2489 2353
2353 2353 2520 2520 2575 2575 2464 2464 1790 2514 2551 2502 2489 2489 2377 2479 2479 2491 2496 2514 2252 2443 2437 2446 2468 2452 1912 2054 2036 2286 2351 2377 1767 1763 1759 1771 1794 1805 1845 1862 1746 1752 1424 1424 1694 1610 1605 1629 1757 1722 1381 1397 1713 1713 1767 1461 1387 1418 1378 1430 1768 1555 1197 1197 1276 1276 1735 1782 1774 1542 1202 1202 1647 1746 1789 1789 1372 1372 1224 1230 1815 1812 1813 1816 1462 1466 1719 1875 1859 1837 1948 2023 1492 2104 1641 1641 2042 2336 2498 2104
2377 2489 2536 2508 2575 2575 2353 2569 2526 2514 2520 2520 2502 2520 2526 2479 2476 2486 2489 2486 2464 2419 2463 2423 2449 2453 2005 2036 2008 2268 2352 2396 1767 1760 1762 1774 1800 1809 1854 1873 1746 1759 1422 1422 1682 1607 1605 1644 1762 1716 1381 1397 1707 1707 1767 1447 1385 1385 1368 1424 1757 1555 1210 1210 1301 1301 1735 1763 1791 1511 1235 1235 1660 1752 1789 1785 1341 1341 1252 1230 1826 1816 1810 1816 1458 1462 1704 1876 1849 1837 1973 2041 2005 2128 1752 1862 2042 2377 2498 2551
1740 2353 2581 2581 2575 2575 2377 2569 2551 2553 2520 2536 2502 2508 2436 2427 2479 2508 2496 2464 2104 2440 2419 2441 2446 2446 1752 2122 2066 2290 2302 2336 1776 1756 1752 1771 1794 1805 1838 1873 1746 1752 1420 1420 1707 1596 1596 1663 1757 1716 1384 1398 1707 1707 1768 1458 1381 1462 1368 1444 1779 1517 1212 1212 1279 1279 1726 1781 1781 1564 1247 1235 1629 1752 1801 1789 1359 1359 1252 1223 1821 1820 1813 1816 1468 1486 1719 1887 1862 1844 1966 2023 1103 2128 1593 2122 1981 2330 2489 2545
2353 2536 2551 2551 2573 2612 2563 2353 2104 2480 2551 2526 2539 2514 2005 2486 2482 2470 2514 2476 2377 2399 2420 2443 2451 2464 2005 2141 2073 2314 2352 2420 1767 1756 1765 1774 1791 1809 1840 1873 1749 1749 1420 1420 1691 1564 1605 1701 1763 1730 1387 1387 1707 1707 1752 1462 1390 1456 1368 1442 1773 1536 1215 1215 1270 1270 1691 1783 1781 1589 1234 1228 1594 1757 1788 1785 1390 1390 1252 1228 1834 1811 1812 1812 1468 1468 1728 1862 1851 1843 1925 2008 2005 2211 1912 1887 2005 2330 2452 2489
2353 2563 2526 2551 2575 2551 2377 2637 2563 2553 2526 2377 2377 2486 2464 2464 2458 2458 2491 2536 2377 2420 2425 2425 2449 2452 1912 2005 2086 2255 2320 2333 1767 1762 1765 1774 1800 1812 1854 1866 1749 1752 1413 1413 1667 1546 1607 1745 1767 1728 1386 1390 1699 1699 1768 1466 1380 1462 1365 1424 1773 1536 1231 1231 1270 1270 1679 1776 1785 1542 1254 1221 1567 1735 1798 1789 1317 1317 1258 1252 1827 1806 1812 1823 1477 1489 1811 1875 1862 1832 1949 2032 1740 2211 1740 1912 2042 2333 2526 2545
2353 2545 2569 2575 2551 2551 2377 1790 2489 2489 2480 2545 2489 2486 2458 2452 2454 2454 2491 2476 2377 2440 2440 2443 2446 2452 1862 2098 2132 2286 2326 2408 1774 1756 1768 1771 1790 1796 1844 1856 1749 1760 1416 1416 1660 1529 1605 1752 1761 1738 1384 1387 1702 1696 1757 1466 1392 1424 1370 1436 1774 1573 1218 1218 1302 1295 1690 1783 1790 1613 1252 1226 1553 1733 1796 1785 1311 1311 1241 1241 1821 1816 1807 1816 1489 1489 1834 1896 1871 1832 1953 2016 2142 2211 1740 1949 1937 2330 2498 2508
2563 2545 2551 2575 2597 2587 2365 2600 2377 2520 2536 2553 2353 2486 2513 2479 2476 2486 2496 2502 2377 2440 2421 2421 2462 2446 1862 1949 2060 2314 2353 2377 1789 1760 1770 1774 1790 1810 1857 1861 1749 1752 1412 1412 1641 1512 1611 1752 1757 1728 1385 1391 1679 1679 1763 1466 1385 1480 1368 1428 1784 1549 1218 1218 1315 1301 1690 1784 1785 1593 1234 1208 1594 1724 1790 1785 1357 1357 1263 1210 1826 1806 1807 1807 1484 1490 1812 1861 1857 1844 1960 2008 2005 2104 1593 1967 2005 2286 2498 2353
1790 2502 2502 2502 2551 2650 2104 2377 2526 2514 2508 2526 2365 2514 2491 2453 2476 2486 2514 2508 2470 2397 2441 2427 2464 2476 2042 2042 2073 2283 2349 2409 1774 1756 1755 1777 1788 1806 1848 1862 1752 1749 1417 1417 1638 1520 1622 1741 1761 1719 1389 1397 1685 1685 1752 1459 1378 1462 1375 1433 1779 1593 1215 1215 1279 1270 1682 1788 1785 1573 1237 1226 1589 1726 1798 1785 1378 1378 1245 1226 1826 1806 1804 1820 1472 1475 1807 1879 1860 1837 1949 2032 2005 2185 1862 2005 2023 2377 2415 2353
2353 2551 2508 2508 2587 2551 2377 2104 2545 2551 2520 2563 2502 2508 2496 2479 2470 2470 2491 2526 2377 2440 2421 2421 2436 2452 1912 2104 2086 2312 2352 2408 1774 1760 1768 1776 1788 1805 1846 1867 1752 1759 1416 1416 1638 1520 1630 1752 1767 1719 1387 1392 1685 1685 1767 1442 1389 1480 1365 1436 1773 1605 1242 1242 1286 1264 1693 1784 1785 1573 1252 1230 1601 1705 1790 1789 1372 1372 1247 1245 1820 1811 1816 1824 1478 1483 1840 1884 1831 1844 1953 2008 2005 2128 1593 2005 1981 2290 2454 2508
1790 2377 2569 2563 2587 2587 2551 2377 2377 2551 2545 2536 2476 2539 2377 2454 2474 2476 2480 2476 2215 2420 2441 2399 2449 2452 2005 2172 2073 2304 2326 2416 1789 1760 1766 1773 1796 1809 1849 1873 1749 1759 1422 1422 1624 1520 1614 1741 1765 1716 1386 1401 1687 1687 1761 1451 1387 1444 1379 1437 1779 1583 1228 1228 1290 1329 1706 1788 1790 1511 1273 1236 1594 1718 1799 1785 1403 1403 1276 1258 1820 1821 1817 1820 1466 1494 1817 1905 1860 1844 1949 2041 2005 2191 1862 1967 2042 2330 2454 2508
1790 2377 2536 2508 2584 2563 2353 2377 2551 2514 2520 2520 2520 2520 2526 2454 2482 2486 2496 2492 2365 2440 2421 2443 2449 2474 2005 2098 2042 2286 2377 2377 1774 1760 1762 1774 1794 1812 1851 1867 1752 1759 1413 1413 1621 1524 1624 1749 1752 1716 1381 1403 1667 1667 1757 1450 1384 1418 1372 1439 1779 1583 1212 1212 1308 1286 1717 1779 1768 1564 1243 1215 1617 1718 1789 1785 1322 1322 1258 1245 1826 1806 1807 1820 1474 1489 1838 1884 1867 1843 1953 2016 1740 1740 1838 1838 1981 2290 2452 2353
2353 2563 2569 2551 2575 2563 2637 2597 2377 2502 2514 2520 2446 2446 2470 2482 2452 2470 2464 2476 2377 2416 2399 2425 2470 2454 2160 2156 2036 2303 2352 2377 1763 1756 1710 1767 1796 1812 1846 1865 1746 1759 1424 1424 1647 1513 1630 1741 1757 1711 1384 1400 1679 1679 1768 1447 1391 1466 1376 1439 1773 1555 1213 1213 1279 1326 1728 1778 1784 1564 1247 1235 1617 1726 1798 1789 1357 1357 1264 1245 1824 1816 1813 1824 1466 1481 1838 1896 1859 1844 1987 2023 1790 2185 1740 1949 2036 2330 2489 2005
