2767 2796 2822 1906 1587 1861 2581 2603 2122 1.0940000052528376e-06
2772 2804 2821 1905 1589 1860 2542 2613 2240 0.2546885920000008
2757 2793 2812 1906 1590 1856 2567 2604 2281 0.4266822700000006
2777 2782 2814 1908 1587 1862 2604 2603 2183 0.6586663640000054
2750 2755 2830 1912 1590 1863 2583 2629 2212 1.0026931050000059
2735 2769 2829 1904 1584 1863 2573 2609 2217 1.3026838420000004
2762 2786 2813 1909 1597 1860 2578 2618 2234 1.606710408000005
2771 2765 2826 1908 1592 1865 2581 2626 2212 1.8107007980000063
2757 2781 2815 1911 1590 1864 2593 2606 2253 2.074663736000005
2751 2786 2833 1905 1594 1865 2593 2617 2175 2.3107376300000055
2752 2787 2816 1906 1591 1865 2591 2606 2164 2.6106820540000015
2680 2761 2838 1917 1594 1867 2563 2611 2164 2.8546474570000058
2757 2798 2819 1908 1588 1867 2551 2623 2184 3.1426940820000056
2747 2779 2838 1909 1593 1863 2546 2598 2212 3.3791840680000007
2761 2799 2845 1908 1583 1869 2579 2599 2256 3.6032026250000015
2752 2780 2826 1915 1589 1870 2557 2600 2253 3.9671907980000043
2760 2756 2825 1906 1590 1869 2575 2618 2229 4.215954559000004
2759 2783 2833 1916 1588 1866 2600 2612 2191 4.481772220000003
2753 2778 2830 1907 1590 1869 2535 2625 2273 4.853837155000001
