909 854 848 844 839 843 908 887 850 854 852 1027 1162 982 885 887 1499 1510 1402 1313 1542 1762 1757 1658 1743 1750 1734 1739 1750 1762 1768 1744 1748 1773 1765 1757 1752 1740 1755 1759 1766 1770 1765 1757 1791 1788 1793 1787 1828 1827 1810 1807 1801 1809 1824 1859 1828 1827 1837 1871 1910 1918 1879 1859
955 878 845 854 830 848 854 882 854 878 871 1127 1158 1005 888 882 1503 1481 1383 1384 1629 1755 1735 1639 1740 1744 1737 1739 1750 1755 1770 1746 1754 1778 1763 1757 1759 1752 1757 1757 1768 1762 1763 1757 1791 1783 1793 1789 1826 1833 1806 1815 1799 1812 1824 1859 1826 1833 1844 1871 1905 1912 1879 1859
1037 866 778 830 898 843 755 903 871 866 860 830 1198 1040 899 903 1523 1484 1375 1424 1573 1593 1748 1644 1743 1744 1740 1737 1752 1757 1770 1749 1745 1772 1768 1754 1748 1750 1755 1757 1773 1767 1768 1754 1795 1794 1793 1785 1829 1828 1811 1811 1799 1810 1820 1856 1833 1828 1837 1593 1914 1937 1883 1856
1027 871 832 871 786 854 854 904 855 871 854 1003 1192 1127 920 904 1522 1499 1383 1491 1750 1762 1739 1635 1743 1748 1737 1741 1750 1766 1768 1750 1748 1773 1762 1754 1754 1750 1752 1757 1768 1768 1762 1754 1788 1787 1789 1782 1837 1824 1813 1809 1801 1809 1821 1862 1837 1824 1840 1850 1910 1862 1879 1871
1046 878 861 854 859 848 916 888 878 878 872 878 1198 1127 895 888 1518 1496 1407 1468 1746 1761 1752 1661 1740 1750 1737 1739 1746 1761 1768 1746 1752 1778 1763 1757 1750 1746 1750 1759 1776 1765 1763 1757 1789 1790 1789 1779 1826 1831 1810 1812 1804 1813 1828 1857 1829 1834 1840 1862 1752 1912 1879 1861
1077 875 810 871 854 842 872 888 866 875 860 965 1202 1175 928 888 1524 1508 1413 1480 1750 1768 1765 1652 1737 1744 1732 1741 1750 1768 1770 1752 1750 1776 1762 1752 1752 1746 1760 1752 1776 1767 1762 1752 1789 1783 1785 1779 1833 1828 1798 1812 1800 1812 1824 1855 1835 1790 1837 1862 1862 1931 1894 1855
1080 875 833 856 882 854 965 903 885 875 833 1003 1199 1175 1000 903 1524 1505 1414 1472 1746 1766 1752 1658 1746 1748 1734 1743 1746 1766 1767 1746 1750 1776 1766 1757 1752 1743 1750 1759 1772 1770 1766 1757 1789 1790 1789 1784 1833 1829 1810 1807 1800 1801 1832 1859 1833 1829 1790 1862 1838 1943 1877 1868
989 876 854 858 872 865 848 905 885 876 854 1052 1203 1171 953 905 1518 1508 1416 1477 1746 1768 1757 1660 1737 1745 1732 1739 1746 1768 1770 1744 1750 1776 1765 1757 1752 1750 1752 1754 1772 1770 1765 1757 1787 1788 1782 1784 1829 1827 1806 1807 1796 1806 1824 1864 1840 1827 1837 1870 1838 1912 1879 1871
969 864 860 839 880 878 1003 897 830 864 860 1214 1215 1171 1018 897 1513 1508 1425 1473 1746 1760 1748 1655 1743 1744 1741 1737 1746 1760 1770 1746 1752 1770 1762 1755 1754 1752 1757 1759 1766 1767 1762 1757 1790 1787 1789 1779 1831 1829 1812 1811 1807 1810 1824 1865 1833 1829 1844 1866 1912 1916 1878 1871
970 855 871 837 798 826 910 885 887 855 878 1127 1219 1181 1009 885 1520 1518 1419 1481 1750 1760 1756 1667 1737 1744 1732 1743 1750 1760 1763 1741 1752 1779 1763 1759 1750 1752 1746 1757 1768 1767 1763 1761 1794 1790 1782 1789 1833 1824 1810 1816 1802 1796 1824 1862 1844 1790 1790 1870 1910 1875 1872 1862
976 841 876 867 830 836 1046 888 866 841 878 1127 1215 1177 959 888 1530 1511 1420 1472 1750 1771 1761 1662 1740 1748 1737 1734 1750 1771 1770 1744 1754 1768 1765 1754 1750 1752 1750 1754 1768 1767 1765 1754 1789 1795 1785 1785 1833 1834 1806 1804 1807 1805 1821 1862 1839 1790 1849 1740 1922 1862 1890 1862
954 859 871 871 880 830 848 903 839 859 871 1290 1215 1165 1037 903 1528 1508 1433 1473 1741 1768 1761 1674 1737 1750 1734 1734 1741 1768 1770 1750 1752 1772 1763 1752 1750 1746 1750 1759 1766 1765 1763 1754 1789 1796 1791 1787 1826 1827 1798 1807 1802 1812 1824 1862 1826 1827 1840 1866 1905 1931 1882 1862
965 867 871 867 836 830 936 903 882 867 871 1127 1210 1179 1033 903 1523 1520 1423 1467 1746 1768 1761 1674 1740 1750 1737 1741 1746 1768 1770 1744 1750 1776 1762 1755 1754 1746 1757 1759 1766 1767 1762 1757 1789 1790 1795 1785 1834 1833 1810 1812 1801 1809 1824 1862 1834 1833 1837 1862 1925 1938 1879 1862
954 854 848 854 865 865 936 897 900 854 848 1202 1214 1182 1005 897 1528 1516 1424 1472 1755 1766 1765 1674 1738 1745 1737 1739 1755 1766 1766 1750 1752 1768 1766 1752 1750 1750 1760 1757 1768 1765 1766 1757 1789 1795 1791 1783 1831 1833 1806 1811 1802 1807 1820 1865 1831 1790 1837 1866 1920 1912 1867 1868
922 867 858 854 804 865 910 905 866 867 858 1196 1218 1177 1003 905 1530 1520 1419 1474 1744 1768 1761 1667 1740 1745 1732 1743 1744 1768 1770 1741 1750 1770 1760 1750 1754 1743 1750 1757 1768 1767 1760 1750 1790 1791 1778 1787 1833 1827 1806 1811 1798 1810 1824 1857 1837 1827 1837 1752 1905 1931 1885 1868
944 871 871 871 854 853 936 893 882 871 871 1202 1213 1177 948 893 1516 1520 1417 1473 1741 1763 1761 1672 1743 1750 1737 1739 1741 1763 1766 1749 1750 1774 1768 1755 1754 1752 1752 1752 1768 1770 1768 1759 1787 1787 1791 1785 1826 1826 1810 1815 1800 1811 1824 1850 1831 1826 1837 1752 1838 1937 1885 1850
983 859 885 854 859 830 878 910 882 859 885 1214 1208 1177 977 910 1531 1502 1420 1486 1746 1766 1761 1666 1743 1750 1734 1739 1746 1766 1770 1750 1745 1772 1760 1752 1754 1746 1757 1759 1762 1767 1760 1759 1790 1790 1789 1783 1826 1827 1811 1811 1804 1806 1821 1859 1837 1790 1840 1861 1838 1931 1885 1871
977 854 872 849 888 849 953 875 842 854 872 1202 1207 1174 959 875 1523 1514 1430 1492 1752 1766 1748 1660 1740 1746 1734 1741 1752 1766 1767 1746 1752 1776 1762 1752 1752 1743 1757 1761 1766 1772 1762 1757 1791 1791 1789 1790 1826 1829 1818 1802 1800 1815 1823 1854 1826 1740 1837 1873 1925 1931 1872 1862
938 859 848 858 804 842 953 875 872 859 848 1308 1206 1165 947 875 1531 1505 1418 1507 1746 1763 1752 1658 1737 1750 1729 1733 1746 1763 1765 1744 1750 1771 1762 1752 1748 1750 1752 1757 1762 1770 1762 1761 1789 1794 1791 1785 1833 1820 1810 1807 1801 1810 1828 1850 1833 1820 1844 1866 1912 1896 1878 1856
938 855 848 842 823 820 1027 882 871 855 848 1290 1197 1162 909 882 1516 1494 1424 1514 1746 1766 1756 1666 1743 1752 1739 1740 1746 1766 1766 1743 1754 1774 1766 1752 1750 1752 1752 1759 1772 1771 1766 1752 1789 1790 1785 1782 1822 1831 1801 1816 1793 1815 1824 1857 1822 1831 1837 1867 1922 1912 1875 1865
954 853 849 825 878 848 872 882 871 853 849 1202 1191 1127 922 882 1516 1502 1422 1484 1752 1752 1756 1672 1740 1752 1737 1741 1752 1760 1770 1750 1754 1778 1762 1750 1754 1755 1760 1757 1768 1767 1762 1750 1791 1791 1793 1785 1827 1826 1813 1812 1804 1812 1832 1851 1827 1790 1844 1641 1922 1916 1879 1868
925 855 853 856 854 820 872 882 885 855 853 1214 1195 1127 909 882 1511 1494 1418 1502 1744 1763 1761 1665 1740 1745 1737 1743 1744 1763 1766 1741 1750 1773 1760 1757 1748 1746 1752 1757 1766 1765 1760 1757 1787 1795 1789 1788 1826 1826 1810 1816 1794 1806 1832 1859 1835 1790 1840 1807 1920 1953 1879 1865
925 859 871 854 833 836 965 878 871 859 871 1202 1190 1127 905 878 1519 1502 1424 1494 1746 1766 1743 1668 1743 1744 1737 1743 1746 1766 1768 1741 1750 1773 1762 1755 1750 1746 1755 1757 1768 1768 1762 1757 1791 1799 1782 1784 1826 1831 1806 1807 1801 1802 1824 1862 1826 1831 1837 1862 1906 1943 1879 1862
919 865 816 844 804 844 1052 878 888 865 816 1202 1181 1092 885 878 1517 1494 1419 1511 1750 1760 1756 1663 1738 1748 1737 1743 1750 1760 1763 1750 1750 1778 1766 1749 1752 1743 1757 1757 1768 1767 1766 1754 1787 1787 1789 1779 1822 1831 1798 1812 1796 1806 1824 1855 1822 1831 1837 1866 1912 1916 1894 1865
922 867 853 858 871 853 898 875 830 867 853 1228 1180 1098 909 875 1517 1490 1420 1508 1746 1752 1752 1663 1740 1745 1734 1739 1746 1763 1768 1746 1748 1773 1766 1752 1750 1756 1762 1759 1772 1765 1766 1759 1789 1790 1785 1783 1833 1831 1812 1807 1796 1812 1832 1865 1834 1831 1837 1752 1862 1916 1867 1865
922 856 839 815 830 848 898 880 867 830 839 1127 1176 1064 882 880 1512 1502 1430 1453 1750 1593 1752 1651 1740 1748 1737 1734 1750 1766 1767 1752 1750 1776 1765 1754 1750 1746 1755 1757 1766 1771 1765 1754 1794 1795 1789 1783 1832 1828 1806 1795 1798 1812 1824 1862 1832 1103 1843 1862 1912 1937 1885 1865
965 863 823 853 872 848 916 883 859 863 832 1127 1171 1033 887 880 1520 1495 1416 1481 1741 1760 1752 1655 1743 1752 1729 1739 1741 1760 1772 1750 1752 1776 1759 1752 1752 1743 1760 1757 1766 1767 1759 1752 1791 1795 1783 1785 1829 1826 1810 1812 1795 1815 1829 1859 1837 1826 1740 1875 1912 1896 1890 1865
947 860 848 854 817 848 916 883 848 860 848 1127 1176 1064 887 883 1512 1495 1437 1481 1746 1763 1761 1667 1740 1744 1734 1739 1746 1763 1770 1741 1752 1776 1765 1752 1754 1752 1757 1757 1772 1767 1765 1761 1790 1799 1793 1781 1826 1824 1798 1812 1799 1802 1828 1867 1834 1824 1790 1752 1912 1812 1885 1871
970 847 859 854 755 859 983 880 859 847 859 1027 1179 1005 920 880 1507 1502 1409 1450 1750 1763 1748 1671 1740 1748 1737 1740 1750 1763 1763 1752 1750 1776 1765 1752 1752 1752 1755 1759 1768 1767 1765 1752 1788 1787 1789 1782 1817 1829 1812 1812 1802 1812 1821 1853 1817 1790 1837 1752 1752 1931 1875 1856
965 860 792 859 821 877 983 877 848 860 792 1127 1168 1070 871 877 1520 1490 1418 1450 1746 1763 1756 1663 1733 1745 1729 1741 1746 1763 1770 1746 1752 1778 1762 1754 1743 1750 1752 1757 1765 1770 1762 1754 1787 1795 1791 1789 1835 1837 1811 1807 1800 1815 1826 1859 1835 1837 1790 1492 1838 1916 1883 1862
939 856 842 848 836 877 872 880 867 856 842 1240 1175 1037 882 880 1525 1486 1422 1495 1744 1763 1761 1651 1743 1749 1732 1741 1744 1763 1768 1750 1748 1779 1760 1752 1752 1752 1757 1754 1768 1762 1760 1752 1791 1795 1784 1783 1831 1822 1806 1815 1805 1806 1832 1857 1837 1822 1840 1862 1838 1899 1879 1871
976 856 755 836 870 859 898 865 877 856 755 910 1176 1037 899 865 1514 1495 1413 1437 1752 1763 1752 1663 1737 1744 1744 1737 1752 1763 1766 1750 1748 1773 1762 1754 1750 1744 1755 1757 1765 1772 1762 1754 1787 1799 1785 1787 1833 1837 1817 1802 1805 1807 1833 1851 1835 1837 1740 1752 1838 1937 1888 1856
947 856 836 828 871 870 1052 863 867 856 836 1127 1171 1033 899 863 1520 1501 1418 1450 1744 1768 1752 1656 1740 1745 1734 1739 1744 1768 1763 1746 1750 1776 1760 1759 1752 1750 1757 1757 1768 1767 1760 1761 1794 1779 1793 1782 1826 1833 1812 1811 1799 1812 1821 1862 1831 1833 1840 1838 1752 1938 1872 1862
953 850 848 853 864 853 830 893 859 850 848 1127 1176 1027 899 893 1510 1488 1412 1468 1750 1766 1752 1647 1737 1748 1732 1741 1750 1766 1770 1746 1754 1776 1763 1750 1750 1750 1755 1759 1768 1765 1763 1750 1789 1795 1789 1787 1829 1831 1798 1810 1799 1809 1828 1855 1840 1831 1837 1871 1838 1937 1885 1868
