2724 2769 2815 1902 1684 1866 2583 2627 2445 7.289999999215979e-07
2752 2760 2816 1901 1687 1873 2624 2627 2388 0.20352689100000276
2733 2772 2815 1903 1685 1871 2574 2605 2455 0.42753669700000074
2738 2775 2817 1908 1684 1877 2579 2633 2451 0.8195473829999997
2731 2797 2833 1900 1685 1871 2585 2610 2398 1.0435276500000015
2744 2756 2809 1893 1683 1867 2538 2597 2388 1.2995162980000003
2712 2782 2839 1907 1686 1867 2584 2599 2425 1.4834949319999993
2739 2782 2813 1898 1685 1871 2580 2615 2384 1.8635053470000003
2726 2779 2820 1898 1684 1868 2621 2621 2388 2.0430951490000027
2745 2770 2810 1898 1686 1876 2538 2612 2469 2.4470984479999984
2743 2764 2829 1900 1684 1872 2594 2611 2420 2.7468160459999993
2745 2809 2814 1902 1687 1869 2592 2620 2475 2.9947946670000007
2732 2788 2783 1901 1686 1872 2628 2615 2410 3.2947595130000025
2717 2777 2801 1900 1687 1868 2598 2605 2497 3.698793809999998
2732 2774 2828 1895 1688 1867 2581 2610 2364 3.898784474000003
2772 2764 2819 1903 1685 1869 2614 2632 2426 4.106780788999998
2717 2741 2829 1898 1686 1875 2547 2610 2386 4.458770514000001
2739 2800 2800 1901 1687 1874 2576 2629 2429 4.698791622000002
2732 2792 2826 1901 1688 1875 2598 2620 2430 4.946802699000003
