2005 2353 2451 2353 1745 1406 1530 1676 1240 1209 1252 1237 1651 1568 1419 1446
1790 2425 2451 2104 1743 1407 1533 1685 1209 1199 1269 1229 1634 1510 1420 1441
1790 2377 2451 2377 1741 1413 1538 1658 1218 1226 1267 1248 1657 1494 1387 1427
2353 2423 2353 2353 1739 1414 1566 1679 1215 1207 1286 1245 1695 1480 1369 1437
2353 2446 2454 2191 1741 1419 1596 1739 1218 1207 1304 1237 1679 1490 1378 1422
2377 2353 2430 2215 1732 1416 1601 1697 1206 1182 1286 1208 1683 1490 1322 1437
1127 2191 2454 2215 1741 1422 1596 1671 1208 1215 1276 1224 1690 1474 1337 1417
1790 2377 2476 2353 1743 1422 1595 1688 1213 1195 1258 1226 1666 1472 1357 1406
2353 2468 2377 2353 1745 1416 1591 1706 1237 1207 1270 1245 1716 1468 1364 1453
1790 2449 2365 2365 1741 1428 1599 1680 1224 1207 1301 1248 1696 1459 1341 1456
2191 2449 2476 1790 1746 1423 1591 1673 1218 1207 1252 1232 1708 1463 1378 1484
2005 2449 2452 2296 1749 1420 1599 1680 1202 1197 1241 1220 1697 1462 1373 1450
2191 2353 2353 2353 1741 1418 1585 1671 1219 1197 1269 1248 1687 1472 1378 1439
2005 2377 2452 2377 1741 1418 1586 1680 1221 1207 1286 1264 1707 1468 1378 1446
2104 2451 2353 2215 1749 1418 1595 1671 1203 1193 1264 1230 1718 1462 1368 1452
1127 2425 1103 2353 1741 1411 1596 1696 1219 1209 1241 1215 1697 1466 1362 1456
2502 2449 2453 2365 1735 1424 1599 1697 1221 1209 1301 1230 1706 1466 1362 1456
2215 2353 2353 2353 1741 1414 1604 1697 1226 1193 1236 1230 1717 1468 1336 1439
2440 2353 2474 2353 1745 1427 1595 1679 1241 1202 1292 1230 1103 1468 1353 1433
2365 2353 2353 2353 1745 1419 1593 1690 1241 1207 1296 1241 1492 1462 1318 1439
1790 2353 2452 2365 1745 1417 1595 1680 1226 1193 1290 1218 1706 1468 1336 1450
2252 2377 2452 1790 1741 1424 1605 1679 1202 1197 1276 1224 1492 1462 1372 1462
2377 2423 2353 2377 1741 1422 1605 1696 1235 1210 1301 1230 1740 1458 1341 1439
1740 2436 2377 2296 1745 1420 1596 1716 1235 1212 1279 1223 1103 1468 1359 1416
2353 2005 2464 2104 1749 1420 1564 1730 1228 1215 1270 1228 1690 1472 1390 1400
2353 2449 2377 2365 1749 1413 1546 1728 1221 1231 1270 1252 1623 1477 1317 1434
2353 2446 2377 1790 1745 1416 1529 1738 1226 1218 1295 1241 1622 1495 1311 1398
2353 2426 2365 2377 1745 1412 1512 1728 1208 1218 1301 1210 1625 1484 1357 1402
1790 2443 2104 2377 1745 1417 1520 1719 1226 1215 1270 1226 1617 1472 1378 1450
2353 2468 2377 2104 1728 1416 1520 1719 1230 1242 1264 1245 1671 1478 1372 1424
1790 2377 2452 2365 1739 1422 1520 1716 1236 1228 1329 1258 1650 1466 1403 1448
1790 2449 2353 2377 1738 1413 1524 1716 1215 1212 1286 1245 1641 1474 1322 1411
2353 2446 2452 2377 1745 1424 1513 1711 1235 1213 1326 1245 1677 1466 1357 1459
