1444 1089 2841 1904 1690 1873 2578 2626 2447 3.649999982258123e-07
1446 1091 2824 1897 1691 1873 2555 2618 2477 0.2607064140000013
1494 1103 2806 1903 1683 1868 2580 2626 2437 0.49672159600000043
1612 1095 2819 1906 1689 1869 2630 2614 2461 0.7407460760000006
1739 1098 2832 1898 1690 1872 2620 2618 2453 1.0247524970000015
1792 1102 2830 1900 1690 1875 2592 2627 2422 1.3274582200000005
1663 1093 2814 1897 1689 1874 2559 2619 2390 1.5674359309999986
1671 1094 2827 1896 1690 1874 2611 2615 2387 1.9043110829999996
1650 1095 2821 1900 1688 1872 2582 2598 2433 2.176343124999999
1699 1097 2806 1904 1688 1871 2570 2628 2385 2.4003007819999986
1652 1093 2850 1898 1688 1872 2573 2601 2381 2.640326994999999
1677 1092 2819 1898 1688 1874 2606 2621 2399 2.9883450740000015
1656 1091 2799 1896 1689 1870 2573 2604 2476 3.2147296250000004
1640 1084 2815 1897 1689 1874 2560 2615 2447 3.4426844549999984
1657 1090 2833 1899 1682 1870 2572 2629 2469 3.7107291700000005
1637 1082 2813 1903 1685 1870 2601 2606 2441 4.046716709999998
1600 1082 2841 1903 1694 1870 2598 2598 2456 4.286711561000001
1651 1096 2836 1898 1686 1871 2590 2604 2405 4.686715134
1639 1093 2821 1903 1691 1874 2597 2617 2378 4.962752372000001
