2424 2465 2481 1745 1754 1775 1628 1618 1614 7.289999928161706e-07
2428 2460 2469 1758 1750 1775 1629 1615 1621 0.1910160789999935
2433 2468 2467 1748 1750 1768 1627 1619 1625 0.5558699839999974
2421 2471 2470 1756 1743 1766 1624 1615 1617 0.7891665339999889
2433 2459 2473 1747 1743 1772 1630 1618 1624 1.1878317599999946
2425 2460 2461 1750 1749 1766 1627 1621 1620 1.4438029049999983
2430 2479 2473 1750 1740 1758 1631 1617 1617 1.5899537159999966
2430 2461 2464 1757 1752 1769 1631 1617 1617 1.963961624999996
2420 2463 2462 1746 1762 1780 1636 1624 1622 2.229928801
2419 2456 2470 1756 1757 1765 1632 1615 1625 2.564509799999996
2435 2459 2466 1747 1767 1766 1627 1619 1618 2.8044922519999886
2434 2458 2472 1760 1757 1769 1628 1618 1621 3.1406136269999934
2421 2455 2471 1751 1753 1774 1629 1618 1620 3.385679974999988
2419 2468 2476 1753 1756 1773 1630 1619 1623 3.7536401589999997
2428 2461 2460 1757 1746 1778 1629 1615 1624 3.9976529689999865
2427 2471 2464 1754 1758 1773 1634 1613 1618 4.309625014999995
2438 2470 2474 1764 1752 1775 1628 1616 1626 4.517638469999994
2431 2466 2462 1757 1753 1762 1632 1620 1626 4.885697843999992
