2433 2469 2474 1828 1814 1780 1702 1642 1692 1.0939999981474102e-06
2431 2464 2471 1826 1815 1770 1702 1644 1690 0.25318504800000596
2428 2464 2469 1827 1808 1778 1700 1650 1690 0.5251018529999953
2429 2458 2474 1836 1805 1789 1703 1652 1691 0.794785404999999
2422 2463 2479 1833 1809 1775 1699 1645 1691 0.9587194599999975
2439 2457 2464 1841 1802 1779 1702 1646 1694 1.3627267709999984
2437 2467 2477 1831 1800 1782 1702 1649 1689 1.7347957180000009
2435 2475 2474 1833 1802 1776 1703 1645 1686 1.8867364310000028
2435 2460 2472 1835 1804 1788 1703 1648 1686 2.166783605000006
2430 2459 2468 1835 1805 1780 1703 1654 1690 2.4667659549999996
2429 2468 2484 1828 1802 1786 1699 1650 1694 2.7377984289999944
2419 2473 2473 1831 1801 1781 1704 1653 1693 2.915795707000001
2426 2473 2483 1833 1809 1780 1698 1649 1690 3.176278941999996
2441 2468 2473 1824 1818 1784 1704 1644 1683 3.5030125579999947
2428 2467 2467 1833 1799 1777 1702 1647 1681 3.7789137719999957
2430 2459 2459 1842 1803 1786 1701 1645 1685 4.110905962999993
2450 2461 2479 1832 1810 1786 1705 1649 1684 4.394910195999998
2430 2458 2480 1825 1808 1779 1705 1650 1685 4.626897206999999
2421 2462 2470 1838 1793 1778 1706 1644 1685 4.886933353999993
