2751 2776 2791 1907 1621 1821 2596 2609 2335 7.289999999215979e-07
2758 2788 2796 1906 1620 1824 2592 2617 2412 0.13328480700000256
2760 2775 2825 1900 1631 1822 2627 2610 2177 0.3853280659999996
2743 2732 2807 1901 1615 1822 2604 2597 2424 0.5980275599999985
2752 2789 2786 1901 1618 1821 2630 2615 2341 0.8383035729999975
2768 2772 2799 1905 1622 1824 2587 2612 2399 1.1260839879999978
2761 2790 2808 1908 1621 1820 2581 2595 2294 1.3980766449999962
2732 2808 2793 1902 1619 1822 2596 2603 2412 1.6740755920000012
2763 2782 2833 1901 1616 1818 2561 2606 2442 1.910044096
2756 2782 2811 1906 1619 1824 2615 2612 2397 2.250355919999997
2762 2763 2806 1901 1621 1822 2573 2615 2393 2.4740499190000023
2731 2786 2791 1908 1622 1822 2609 2607 2409 2.862079842
2750 2772 2798 1905 1616 1821 2591 2631 2355 3.0780562819999986
2759 2776 2813 1906 1618 1822 2567 2625 2424 3.3263204419999965
2777 2770 2801 1908 1619 1827 2597 2601 2363 3.558064946000002
2772 2810 2814 1905 1621 1825 2564 2617 2280 3.8515696219999995
2741 2794 2790 1902 1624 1825 2562 2609 2297 4.059588912000002
2753 2792 2822 1899 1621 1821 2620 2608 2338 4.455595676999998
2748 2769 2806 1908 1629 1826 2610 2605 2419 4.679581413999998
2748 2803 2828 1903 1625 1821 2596 2614 2322 4.8515743629999974
