843 976 1811 795 1618 1749 1720 1726 1725 3.649999982258123e-07
827 986 2043 799 1618 1740 1721 1723 1726 0.16417765699999975
819 989 2190 837 1622 1741 1725 1727 1725 0.352732563
820 997 2273 884 1610 1747 1726 1724 1729 0.6247223019999986
826 996 2332 1008 1610 1741 1727 1722 1727 0.9647040979999986
814 996 2286 1200 1615 1743 1726 1724 1724 1.1994356340000003
796 994 2270 1182 1619 1742 1729 1721 1726 1.4394643989999985
788 984 2201 1298 1625 1750 1733 1727 1728 1.8155735499999999
789 991 2264 1317 1619 1745 1731 1722 1729 2.036321360999999
788 983 2258 1303 1619 1748 1726 1727 1721 2.2723292499999985
790 988 2207 1283 1620 1751 1732 1723 1726 2.672312037000001
790 989 2242 1196 1604 1755 1728 1726 1728 3.038759925000001
792 993 2229 1000 1616 1744 1728 1726 1724 3.342694593000001
794 992 2297 1015 1624 1741 1726 1729 1727 3.550733574999999
796 1008 2233 918 1603 1751 1730 1728 1726 3.9227376099999987
812 1003 2266 903 1617 1743 1724 1720 1723 4.162713497999999
807 999 2306 882 1602 1746 1731 1722 1725 4.354707263000002
813 997 2282 883 1609 1749 1723 1730 1725 4.622752342999998
813 1003 2298 897 1615 1749 1727 1728 1725 4.870745550999999
