2358 2433 2462 1804 1742 1755 1395 1680 1715 1.4579999998431958e-06
2355 2448 2463 1801 1744 1754 1393 1686 1715 0.12523867799999877
2356 2439 2457 1803 1736 1756 1406 1686 1716 0.2748498640000001
2364 2435 2464 1791 1735 1758 1398 1682 1720 0.5188426170000007
2348 2448 2455 1796 1748 1750 1402 1679 1717 0.8550828749999972
2347 2450 2454 1805 1741 1742 1414 1688 1717 1.1157871009999987
2365 2444 2458 1796 1742 1753 1397 1679 1717 1.3181291719999955
2352 2440 2454 1805 1743 1756 1397 1690 1715 1.658318830999999
2340 2447 2452 1790 1741 1754 1387 1681 1714 1.903402683999996
2350 2436 2463 1794 1739 1756 1393 1686 1717 2.2273764599999986
2359 2443 2470 1804 1745 1755 1392 1682 1716 2.523382786999999
2365 2441 2457 1794 1744 1753 1394 1679 1714 2.8194241239999975
2364 2445 2460 1796 1749 1758 1393 1676 1719 3.067463645
2332 2446 2453 1790 1739 1750 1398 1688 1715 3.3315086339999986
2353 2435 2441 1803 1739 1748 1389 1685 1716 3.651487790000001
2353 2439 2465 1806 1742 1756 1389 1687 1715 3.907490659999997
2346 2453 2463 1793 1748 1756 1393 1686 1716 4.136388168999996
2365 2439 2463 1802 1744 1753 1386 1679 1719 4.471768164
2355 2448 2450 1800 1754 1747 1388 1680 1717 4.742320729999999
2355 2442 2467 1797 1746 1757 1397 1684 1719 5.040006738999995
