-0.01 0.0 0.0 0.74 0.74 0.75 0.73 0.74 0.74 7.289999999215979e-07 
0.0 0.0 -0.01 0.74 0.74 0.75 0.73 0.74 0.73 0.18749225100000189 
0.0 0.0 0.01 0.74 0.74 0.74 0.73 0.74 0.74 0.39555420699999644 
0.0 0.0 0.0 0.74 0.74 0.74 0.73 0.74 0.73 0.731498350999999 
0.0 0.0 0.0 0.74 0.74 0.75 0.73 0.74 0.74 0.9715362330000019 
0.01 0.0 0.0 0.74 0.74 0.75 0.73 0.74 0.74 1.2195181359999978 
0.01 0.01 -0.01 0.74 0.74 0.74 0.73 0.74 0.73 1.5795288289999974 
-0.01 0.0 0.0 0.74 0.74 0.74 0.73 0.74 0.74 1.7835163009999988 
0.0 -0.01 0.01 0.74 0.74 0.74 0.73 0.74 0.74 2.1430933979999978 
0.0 -0.01 0.0 0.73 0.74 0.74 0.73 0.74 0.74 2.387087610000002 
-0.01 0.01 0.01 0.74 0.74 0.74 0.73 0.74 0.73 2.6548227179999984 
0.0 0.0 -0.01 0.74 0.74 0.75 0.73 0.74 0.74 3.0187973979999967 
0.02 0.0 0.0 0.74 0.74 0.75 0.73 0.74 0.74 3.2627504020000018 
0.0 -0.01 0.01 0.75 0.74 0.74 0.73 0.74 0.73 3.4587719729999975 
0.0 0.0 0.01 0.74 0.74 0.74 0.73 0.74 0.74 3.70678925 
0.01 0.0 0.01 0.74 0.74 0.75 0.73 0.74 0.73 3.970784279 
0.0 0.0 0.01 0.74 0.74 0.75 0.73 0.74 0.74 4.222749862000001 
0.01 -0.01 -0.01 0.74 0.74 0.75 0.73 0.74 0.74 4.494803783999998 
0.01 0.0 0.0 0.74 0.74 0.74 0.73 0.74 0.74 4.858781016999998 
