2005 2502 2587 2353 2551 2502 2353 2526 2377 2454 2377 2353 2451 2479 2377 2377 2352 1793 1774 1760 1771 1785 1799 1828 1746 1745 1406 1596 1530 1599 1676 1745 1379 1489 1717 1384 1252 1331 1375 1351 1258 1240 1209 1252 1252 1452 1430 1237 1651 1721 1801 1568 1458 1419 1446 1687 1827 1851 1854 1752 1862 1888 1884 1887
1790 2502 2551 2551 2539 2464 2104 2502 2377 2353 2425 2449 2451 2470 2215 2480 2349 1771 1767 1760 1774 1788 1815 1831 1743 1745 1407 1605 1533 1588 1685 1746 1378 1484 1717 1337 1269 1363 1339 1354 1229 1209 1199 1258 1269 1494 1441 1229 1634 1710 1782 1510 1462 1420 1441 1679 1821 1857 1838 1740 1932 1918 1887 1876
1790 2551 2526 2377 2508 2526 2496 2377 2353 2353 2474 2377 2451 2453 2452 2377 2352 1793 1767 1765 1771 1791 1817 1840 1743 1741 1413 1585 1538 1579 1658 1741 1376 1516 1717 1357 1267 1392 1398 1362 1218 1248 1226 1286 1267 1591 1351 1248 1657 1728 1790 1494 1461 1387 1427 1666 1821 1857 1839 1740 1862 1943 1884 1890
2353 2526 2536 2575 2545 2353 2353 2489 2377 2470 2451 2423 2454 2453 2491 2430 2352 1794 1773 1762 1771 1791 1837 1854 1743 1739 1414 1534 1566 1566 1679 1741 1376 1513 1713 1315 1286 1379 1400 1376 1224 1215 1207 1278 1286 1696 1302 1245 1704 1695 1788 1480 1467 1369 1437 1673 1826 1856 1790 1865 1938 1931 1888 1877
2353 2551 2575 2573 2548 2476 2377 2514 2365 2491 2454 2446 2454 2464 2191 2377 2351 1771 1774 1760 1779 1752 1837 1851 1749 1741 1419 1529 1634 1596 1745 1739 1379 1491 1708 1311 1304 1381 1394 1365 1224 1218 1207 1286 1304 1708 1295 1237 1679 1727 1796 1490 1472 1378 1422 1671 1826 1790 1823 1871 1931 1888 1885 1876
2377 2502 2545 2353 2452 2502 2526 2496 2377 2470 2476 2353 2430 2470 2215 2435 2352 1793 1782 1752 1767 1785 1840 1860 1743 1732 1416 1524 1610 1601 1697 1740 1380 1496 1717 1329 1286 1383 1397 1373 1206 1218 1182 1313 1286 1690 1322 1208 1683 1752 1801 1490 1446 1322 1437 1665 1821 1853 1492 1740 1862 1896 1888 1887
1127 2502 2581 2191 2508 2502 2377 2489 2160 2470 2377 2191 2454 2476 2215 2277 2320 1831 1773 1762 1774 1794 1837 1856 1749 1741 1422 1525 1604 1596 1671 1741 1383 1489 1717 1342 1276 1381 1403 1364 1208 1213 1215 1331 1276 1684 1311 1224 1690 1712 1795 1474 1458 1337 1417 1667 1827 1846 1828 1752 1925 1896 1888 1883
1790 2526 2575 2377 2545 2520 2353 2353 2377 2353 2486 2377 2476 2480 2365 2476 2326 1812 1772 1756 1771 1782 1837 1844 1743 1745 1422 1531 1596 1595 1688 1745 1381 1499 1707 1329 1258 1389 1395 1361 1250 1213 1195 1329 1258 1691 1304 1226 1666 1738 1796 1472 1467 1357 1406 1652 1833 1846 1820 1492 1936 1888 1875 1883
2353 2563 2551 2563 2545 2377 2353 2470 2377 2353 2470 2468 2451 2453 2464 2377 2351 1831 1776 1762 1774 1796 1840 1844 1752 1745 1416 1524 1591 1596 1706 1739 1381 1517 1712 1290 1270 1385 1391 1373 1243 1237 1207 1278 1270 1708 1285 1245 1716 1760 1790 1468 1463 1364 1453 1673 1826 1790 1829 1740 1931 1896 1875 1887
1790 2508 2462 2551 2551 2365 2377 2470 2377 2353 2449 2449 2479 2486 2365 2377 2320 1773 1767 1760 1774 1790 1840 1849 1746 1741 1428 1533 1599 1604 1680 1727 1376 1528 1708 1285 1301 1392 1392 1378 1232 1224 1207 1285 1301 1721 1295 1248 1696 1740 1789 1459 1469 1341 1456 1666 1827 1849 1835 1790 1862 1931 1878 1868
2353 2545 2539 2551 2581 2502 1790 2496 2191 2464 2449 2463 2479 2476 2215 2377 2302 1849 1762 1766 1767 1796 1837 1866 1746 1755 1423 1539 1605 1591 1673 1727 1383 1519 1707 1281 1252 1390 1392 1378 1218 1247 1207 1281 1252 1737 1323 1232 1708 1724 1795 1463 1461 1378 1484 1680 1820 1860 1822 1752 1838 1938 1890 1896
2005 2520 2581 2563 2551 2536 2353 2480 2476 2377 2449 2468 2452 2479 2377 2296 2326 1793 1774 1752 1771 1790 1837 1857 1749 1749 1420 1545 1599 1605 1680 1727 1380 1523 1707 1297 1241 1387 1390 1373 1202 1221 1197 1297 1241 1719 1323 1220 1697 1752 1804 1462 1467 1373 1450 1679 1826 1856 1829 1740 1838 1896 1879 1888
2377 2508 2569 2353 2548 2353 2353 2377 2446 2191 2426 2353 2452 2462 2365 2377 2320 1773 1767 1759 1774 1794 1837 1854 1746 1741 1418 1536 1585 1601 1671 1734 1385 1517 1707 1281 1269 1381 1392 1374 1258 1219 1197 1281 1269 1728 1315 1248 1687 1752 1796 1472 1480 1378 1439 1689 1820 1856 1829 1492 1942 1916 1884 1887
2005 2551 2551 2377 2536 2476 2377 2502 2377 2377 2377 2377 2452 2454 2452 2458 2326 1773 1757 1760 1773 1796 1837 1857 1749 1741 1418 1547 1586 1611 1680 1730 1387 1530 1707 1285 1286 1387 1390 1378 1241 1221 1207 1285 1286 1718 1279 1264 1707 1724 1791 1468 1474 1378 1446 1679 1815 1846 1834 1492 1862 1903 1888 1883
2353 2526 2573 2548 2464 2353 2377 2365 2104 2353 2454 2451 2452 2486 2215 2462 2320 1771 1767 1763 1774 1796 1837 1862 1749 1749 1418 1551 1596 1595 1671 1723 1387 1523 1717 1304 1264 1397 1391 1375 1219 1203 1193 1304 1264 1728 1323 1230 1718 1739 1791 1462 1473 1368 1452 1687 1833 1790 1837 1752 1925 1850 1887 1881
1127 2476 2551 2597 2536 1103 2353 2470 2365 2377 2425 2468 2453 2479 2365 2377 2353 1812 1767 1763 1771 1796 1839 1854 1749 1741 1411 1545 1596 1605 1696 1734 1380 1523 1697 1304 1241 1385 1390 1375 1219 1226 1209 1304 1241 1719 1279 1215 1697 1739 1796 1466 1467 1362 1456 1679 1822 1853 1790 1752 1928 1896 1885 1876
2553 2536 2508 2575 2539 2470 2496 2496 2502 2514 2479 2449 2453 2470 2365 2377 2349 1812 1772 1752 1776 1791 1844 1857 1743 1735 1424 1540 1599 1602 1697 1730 1390 1528 1707 1285 1301 1396 1391 1380 1237 1221 1209 1285 1301 1719 1276 1230 1706 1752 1796 1466 1474 1362 1456 1679 1821 1851 1824 1873 1862 1912 1885 1896
2353 2545 2551 2353 2464 2353 2377 2353 2215 2377 2451 2353 2464 2452 2365 2377 2326 1793 1774 1760 1771 1790 1833 1853 1749 1741 1414 1553 1604 1605 1697 1723 1383 1528 1707 1290 1236 1381 1392 1375 1241 1226 1193 1290 1236 1718 1315 1230 1717 1752 1796 1468 1484 1336 1439 1679 1821 1790 1829 1593 1824 1888 1894 1883
2508 2502 2551 2353 2502 2489 2377 2353 2489 2440 2451 2353 2474 2479 2365 2476 2325 1812 1763 1765 1771 1791 1837 1846 1749 1745 1427 1545 1604 1595 1679 1738 1383 1519 1712 1290 1292 1385 1394 1372 1241 1241 1202 1290 1292 1718 1270 1230 1706 1739 1791 1468 1463 1353 1433 1679 1827 1103 1824 1740 1931 1931 1885 1888
2377 2365 2575 2353 2536 2353 2353 2353 2489 2435 2377 2353 2427 2454 2496 2436 2320 1831 1767 1759 1773 1802 1837 1857 1749 1745 1419 1545 1593 1608 1690 1727 1384 1523 1712 1315 1296 1381 1390 1383 1258 1241 1207 1278 1296 1718 1267 1241 1728 1724 1801 1462 1473 1318 1439 1673 1833 1492 1834 1740 1944 1850 1871 1888
1790 2489 2464 2353 2536 2476 2377 2502 2191 2377 2451 2353 2453 2452 2365 2377 2320 1793 1752 1752 1773 1791 1839 1854 1749 1745 1417 1540 1613 1595 1680 1730 1384 1534 1712 1311 1290 1390 1392 1381 1237 1226 1193 1304 1290 1735 1311 1218 1706 1726 1796 1468 1475 1336 1450 1680 1833 1856 1824 1740 1862 1918 1888 1876
2353 2365 2520 2377 2539 2464 1790 2502 2252 2470 2476 2377 2452 2479 2365 2476 2351 1812 1767 1759 1771 1794 1844 1857 1746 1741 1424 1545 1610 1605 1679 1722 1381 1536 1713 1290 1276 1387 1394 1378 1202 1247 1197 1290 1276 1735 1311 1224 1706 1739 1795 1462 1466 1372 1462 1687 1815 1492 1834 1740 1641 1875 1879 1883
2377 2489 2508 2551 2498 2353 2491 2486 2502 2486 2470 2423 2453 2476 2491 2377 2352 1793 1767 1760 1774 1800 1843 1862 1746 1741 1422 1551 1607 1605 1696 1716 1381 1536 1707 1311 1301 1385 1392 1368 1235 1243 1210 1311 1301 1735 1290 1230 1740 1752 1791 1458 1462 1341 1439 1679 1826 1851 1834 1752 1862 1850 1876 1881
1740 2536 2581 2551 2575 2377 2519 2496 2104 2470 2470 2436 2427 2464 2508 2296 2302 1809 1763 1752 1771 1752 1837 1854 1746 1745 1420 1584 1596 1596 1717 1716 1384 1547 1707 1329 1279 1381 1397 1368 1247 1235 1212 1264 1279 1726 1326 1223 1699 1752 1801 1468 1486 1359 1416 1673 1821 1103 1824 1593 1929 1931 1885 1883
2353 2526 2551 2005 2536 2502 2104 2377 2377 2486 2449 2005 2464 2482 2377 2377 2352 1812 1767 1756 1774 1791 1832 1854 1749 1749 1420 1614 1564 1605 1745 1730 1387 1551 1707 1313 1270 1390 1396 1368 1234 1228 1215 1304 1270 1691 1304 1228 1690 1701 1790 1472 1468 1390 1400 1678 1834 1851 1840 1875 1887 1931 1862 1868
2353 2526 2551 2502 2464 2377 2491 2491 2377 2377 2454 2449 2452 2458 2365 2377 2320 1812 1762 1765 1774 1800 1834 1855 1749 1752 1413 1596 1546 1607 1745 1728 1386 1525 1699 1322 1270 1380 1400 1365 1254 1221 1231 1301 1270 1679 1304 1252 1623 1706 1804 1477 1489 1317 1434 1695 1827 1851 1740 1740 1912 1875 1885 1883
2353 2545 2569 2551 2464 2377 1790 2489 2377 2458 2452 2446 2452 2454 2489 2377 2326 1831 1767 1756 1771 1790 1835 1854 1749 1745 1416 1613 1529 1605 1752 1738 1384 1545 1696 1394 1295 1392 1397 1370 1252 1226 1218 1264 1295 1690 1304 1241 1622 1728 1801 1495 1489 1311 1398 1779 1821 1860 1844 1740 1936 1896 1878 1881
2551 2545 2584 2551 2536 2365 2377 2502 2377 2353 2426 2464 2454 2476 2377 2377 2353 1812 1767 1760 1774 1790 1827 1859 1749 1745 1412 1624 1512 1611 1752 1728 1385 1569 1679 1384 1301 1385 1398 1368 1234 1208 1218 1270 1301 1690 1295 1210 1625 1716 1807 1484 1490 1357 1402 1822 1826 1849 1839 1593 1932 1861 1888 1890
1790 2502 2502 2508 2584 2104 2377 2508 2508 2365 2453 2443 2453 2476 2377 2436 2349 1793 1767 1755 1777 1788 1826 1848 1752 1745 1417 1636 1520 1622 1741 1719 1389 1571 1685 1345 1270 1378 1400 1375 1237 1226 1215 1313 1270 1682 1346 1226 1617 1752 1807 1472 1475 1378 1450 1812 1826 1850 1840 1862 1938 1807 1879 1883
2353 2551 2508 2551 2482 2377 2104 2526 2377 2498 2470 2468 2452 2470 2491 2302 2352 1812 1772 1760 1776 1788 1829 1857 1752 1728 1416 1636 1520 1630 1752 1719 1387 1571 1685 1375 1264 1389 1394 1365 1252 1230 1242 1319 1264 1693 1354 1245 1671 1728 1791 1478 1483 1372 1424 1805 1820 1851 1834 1593 1943 1931 1884 1876
1790 2377 2575 2377 2498 2508 2377 2377 2215 2470 2451 2377 2452 2474 2365 2430 2326 1812 1772 1760 1773 1796 1834 1849 1749 1739 1422 1636 1520 1614 1741 1716 1386 1568 1687 1290 1329 1387 1395 1379 1273 1236 1228 1290 1329 1706 1322 1258 1650 1752 1806 1466 1494 1403 1448 1812 1831 1846 1832 1862 1945 1912 1899 1883
1790 2563 2508 2548 2508 2353 2377 2496 2365 2470 2452 2449 2454 2482 2489 2462 2377 1812 1767 1760 1774 1794 1833 1851 1752 1738 1413 1641 1524 1624 1749 1716 1381 1568 1667 1308 1286 1384 1391 1372 1243 1215 1212 1308 1286 1717 1289 1245 1641 1728 1795 1474 1489 1322 1411 1812 1826 1849 1740 1883 1838 1922 1878 1883
2353 2536 2569 2502 2502 2514 2377 2498 2377 2502 2446 2470 2454 2452 2464 2377 2352 1812 1762 1710 1767 1796 1837 1854 1746 1745 1424 1651 1513 1630 1741 1711 1384 1580 1679 1279 1326 1391 1398 1376 1247 1235 1213 1279 1326 1728 1264 1245 1677 1744 1801 1466 1481 1357 1459 1807 1833 1853 1790 1740 1936 1916 1878 1876
