0.01 0.01 0.0 0.77 0.77 0.77 0.0 -0.01 -0.02 7.289999999215979e-07 
-0.01 0.01 0.0 0.77 0.77 0.77 -0.04 -0.01 0.03 0.20352689100000276 
0.0 0.0 0.0 0.77 0.77 0.77 0.01 0.01 -0.03 0.42753669700000074 
0.0 0.0 0.0 0.76 0.77 0.76 0.01 -0.02 -0.03 0.8195473829999997 
0.0 -0.02 -0.01 0.77 0.77 0.77 0.0 0.0 0.02 1.0435276500000015 
-0.01 0.02 0.01 0.78 0.77 0.77 0.04 0.02 0.03 1.2995162980000003 
0.02 0.0 -0.02 0.76 0.77 0.77 0.0 0.01 0.0 1.4834949319999993 
0.0 0.0 0.0 0.77 0.77 0.77 0.0 0.0 0.04 1.8635053470000003 
0.01 0.0 0.0 0.77 0.77 0.77 -0.03 0.0 0.03 2.0430951490000027 
-0.01 0.0 0.0 0.77 0.77 0.77 0.04 0.0 -0.05 2.4470984479999984 
-0.01 0.01 -0.01 0.77 0.77 0.77 -0.01 0.0 0.0 2.7468160459999993 
-0.01 -0.03 0.0 0.77 0.77 0.77 0.0 0.0 -0.05 2.9947946670000007 
0.0 -0.01 0.03 0.77 0.77 0.77 -0.04 0.0 0.01 3.2947595130000025 
0.02 0.0 0.01 0.77 0.77 0.77 -0.01 0.01 -0.07 3.698793809999998 
0.0 0.0 -0.01 0.77 0.77 0.77 0.0 0.0 0.06 3.898784474000003 
-0.03 0.01 0.0 0.77 0.77 0.77 -0.03 -0.01 0.0 4.106780788999998 
0.02 0.03 -0.01 0.77 0.77 0.77 0.04 0.0 0.04 4.458770514000001 
0.0 -0.02 0.01 0.77 0.77 0.77 0.01 -0.01 -0.01 4.698791622000002 
0.0 -0.01 -0.01 0.77 0.77 0.77 -0.01 0.0 -0.01 4.946802699000003 
