2418 2457 2474 1836 1820 1797 1681 1756 1786 3.649999982258123e-07
2415 2466 2464 1839 1832 1799 1691 1754 1788 0.2709926580000044
2415 2471 2473 1839 1820 1799 1686 1756 1790 0.5193096019999999
2420 2461 2471 1840 1823 1805 1685 1758 1792 0.7198460350000033
2416 2473 2467 1842 1826 1795 1687 1750 1791 1.089818520999998
2419 2458 2459 1833 1828 1802 1686 1755 1789 1.3141600590000024
2423 2473 2452 1839 1832 1801 1684 1756 1789 1.6473275880000031
2422 2475 2463 1840 1828 1795 1684 1757 1789 1.8916717880000036
2421 2469 2467 1845 1819 1805 1686 1756 1791 2.127387102
2423 2455 2461 1842 1823 1799 1686 1752 1789 2.3205385489999983
2424 2462 2459 1841 1822 1793 1688 1757 1790 2.688536331999998
2418 2466 2454 1846 1826 1795 1689 1760 1793 2.948850643
2422 2464 2471 1843 1819 1788 1685 1754 1793 3.1363733670000045
2415 2455 2465 1837 1823 1802 1681 1750 1791 3.3627377440000004
2420 2466 2461 1845 1824 1795 1687 1751 1791 3.726735067
2413 2460 2466 1843 1826 1804 1690 1745 1791 3.9382054820000008
2413 2464 2470 1848 1816 1796 1687 1750 1788 4.272315689999999
2424 2467 2448 1837 1817 1801 1689 1749 1790 4.612424034
2420 2459 2471 1855 1827 1797 1697 1747 1790 4.848789924999998
2413 2456 2467 1843 1824 1805 1690 1746 1792 5.218762411
2429 2470 2461 1845 1828 1803 1690 1745 1789 5.4391702240000015
2418 2459 2466 1831 1823 1798 1702 1740 1788 5.6466110060000005
2408 2454 2464 1845 1826 1802 1696 1742 1795 5.896019780000003
2419 2465 2460 1844 1836 1794 1687 1744 1787 6.225096411000003
2421 2454 2467 1839 1827 1801 1696 1740 1790 6.450463773000003
2419 2458 2463 1843 1823 1795 1704 1743 1790 6.68754114
2428 2465 2470 1844 1819 1804 1698 1746 1792 7.025912912999999
2422 2465 2463 1840 1823 1808 1694 1745 1793 7.391981212000005
2411 2459 2466 1837 1820 1799 1697 1736 1787 7.599419806
2429 2456 2462 1838 1825 1798 1696 1742 1790 7.8726679640000015
2407 2463 2469 1835 1820 1797 1694 1738 1791 8.097115985999999
2411 2462 2460 1833 1821 1797 1694 1732 1790 8.439160743000002
2420 2462 2480 1833 1820 1800 1698 1736 1788 8.767296516999998
2417 2465 2457 1841 1828 1800 1700 1740 1787 9.009642675999999
2424 2466 2460 1837 1836 1799 1694 1731 1792 9.199481800000001
2417 2464 2462 1843 1824 1800 1696 1743 1789 9.588071556000003
2413 2458 2461 1841 1822 1802 1690 1728 1788 9.821513137000004
