2415 2450 1338 1823 1727 1512 1779 1785 1778 1.0950000017828643e-06
2407 2456 1354 1829 1721 1520 1780 1777 1776 0.11702893900000788
2407 2461 1370 1828 1725 1519 1779 1783 1775 0.424208433000004
2420 2457 1394 1821 1726 1525 1782 1777 1776 0.6475814000000071
2425 2454 1344 1823 1723 1509 1777 1782 1777 0.883975735000007
2407 2450 1390 1826 1728 1528 1781 1770 1780 1.225005607
2416 2457 1397 1827 1720 1522 1780 1778 1777 1.4614254699999947
2416 2448 1371 1834 1733 1518 1779 1777 1784 1.8284448360000027
2406 2461 1406 1832 1726 1519 1781 1779 1779 2.164534850999999
2395 2445 1391 1829 1727 1523 1776 1781 1781 2.389924823000001
2410 2463 1383 1826 1733 1524 1778 1778 1775 2.6283383509999965
2409 2460 1384 1824 1725 1521 1783 1774 1777 2.9644170619999954
2401 2450 1372 1834 1718 1515 1781 1781 1779 3.204759709000001
2402 2461 1361 1826 1729 1515 1776 1784 1779 3.4501195219999943
2412 2451 1368 1828 1728 1515 1783 1783 1779 3.7712338890000012
2407 2449 1365 1825 1730 1522 1783 1784 1778 4.004635355000005
2397 2451 1349 1826 1732 1522 1782 1781 1779 4.339744037000003
2409 2455 1345 1827 1724 1515 1779 1780 1780 4.590025472999997
2406 2464 1368 1830 1732 1514 1781 1783 1778 4.917195230000004
2416 2456 1366 1825 1728 1517 1785 1779 1779 5.156602856000006
2410 2455 1373 1826 1727 1518 1780 1779 1780 5.38097612
2422 2462 1408 1826 1732 1497 1783 1785 1781 5.758932748999996
2418 2456 1394 1833 1729 1514 1782 1782 1775 5.983354151
2405 2445 1384 1822 1731 1506 1781 1785 1781 6.198745525999996
2417 2448 1386 1825 1731 1507 1781 1781 1780 6.423162187000003
2398 2461 1368 1831 1724 1520 1779 1777 1778 6.661530859999999
2415 2457 1371 1830 1727 1518 1784 1779 1776 6.900907488000001
2416 2456 1394 1826 1734 1535 1782 1778 1777 7.236022370000001
2400 2447 1367 1828 1723 1520 1781 1781 1781 7.524242165000004
2406 2451 1391 1828 1729 1507 1786 1780 1775 7.700724786999999
2408 2453 1389 1821 1729 1496 1781 1778 1776 7.974107873999998
2419 2457 1404 1822 1728 1510 1782 1782 1776 8.199424911999998
2415 2465 1400 1829 1727 1502 1780 1779 1779 8.501614954000004
2414 2458 1379 1831 1731 1506 1784 1783 1781 8.804797999000002
2405 2452 1363 1822 1727 1511 1778 1779 1774 9.109981274999996
2395 2453 1373 1824 1724 1524 1781 1780 1779 9.316410818999998
2402 2457 1372 1824 1732 1526 1783 1779 1779 9.573746483999997
2422 2454 1391 1831 1723 1526 1782 1779 1784 9.815060254000002
