2402 2451 2453 1832 1798 1811 1766 1734 1753 7.289999999215979e-07
2411 2465 2453 1850 1799 1814 1766 1729 1749 0.18110229599999883
2418 2458 2455 1837 1805 1807 1768 1738 1752 0.5171915819999988
2408 2459 2449 1835 1809 1810 1765 1730 1752 0.7575280299999996
2418 2455 2455 1844 1810 1797 1767 1735 1754 0.9809553330000007
2413 2461 2465 1844 1807 1811 1766 1731 1754 1.2263308269999982
2399 2465 2452 1839 1809 1806 1765 1734 1754 1.5574193570000006
2407 2465 2464 1841 1810 1809 1766 1736 1751 1.7997629629999992
2415 2458 2452 1842 1803 1799 1766 1728 1749 2.1079730209999994
2405 2472 2451 1836 1805 1811 1769 1738 1750 2.359230686
2421 2457 2457 1843 1809 1798 1768 1734 1750 2.5995937540000007
2412 2450 2451 1836 1810 1810 1765 1733 1755 2.8389547019999988
2415 2461 2442 1826 1806 1813 1767 1733 1746 3.062367053999999
2414 2463 2460 1849 1802 1808 1765 1733 1753 3.4104281800000003
2405 2470 2454 1839 1806 1808 1767 1731 1747 3.636804226999999
2409 2456 2451 1842 1815 1802 1765 1741 1751 3.872209569999999
2414 2468 2461 1843 1797 1809 1767 1738 1752 4.214275841999999
2411 2466 2443 1837 1809 1805 1763 1736 1751 4.463642313999998
2401 2457 2463 1840 1807 1803 1768 1735 1756 4.777808937
2404 2450 2448 1836 1806 1808 1770 1733 1751 5.0141456539999965
2418 2460 2465 1839 1803 1810 1764 1736 1747 5.256513691999999
2398 2468 2446 1839 1811 1805 1766 1732 1747 5.624529709000001
2411 2460 2460 1840 1801 1806 1769 1736 1750 5.813015897999996
2408 2447 2459 1846 1800 1805 1765 1731 1750 6.0862892179999974
2411 2463 2456 1841 1807 1809 1767 1737 1749 6.2927092810000005
2407 2461 2450 1844 1806 1805 1767 1733 1752 6.661779930999998
2399 2459 2453 1836 1808 1809 1770 1741 1754 6.901145983999996
2414 2473 2463 1840 1801 1811 1766 1741 1750 7.131497691999996
2406 2472 2464 1835 1797 1811 1766 1734 1755 7.460647621999996
2414 2475 2450 1839 1812 1804 1769 1738 1752 7.701007773000001
2400 2464 2462 1843 1809 1807 1768 1732 1752 7.913399716000001
2411 2464 2471 1837 1802 1799 1766 1734 1757 8.276444513999998
2417 2464 2449 1838 1808 1801 1765 1728 1751 8.501882987000002
2410 2449 2455 1835 1809 1809 1767 1738 1750 8.836961766000002
2407 2469 2455 1841 1803 1809 1766 1735 1754 9.078320026
2410 2462 2445 1843 1807 1814 1768 1734 1749 9.317624813999998
2411 2468 2443 1835 1809 1808 1764 1739 1752 9.652781996999998
2418 2465 2459 1842 1804 1803 1769 1735 1748 9.883162149999997
