2760 2801 2803 1945 1690 1942 2598 2698 2559 7.289999999215979e-07
2753 2776 2801 1949 1688 1952 2599 2722 2607 0.24588640099999992
2782 2768 2804 1942 1687 1940 2609 2709 2600 0.42542315699999733
2748 2781 2803 1943 1683 1932 2626 2719 2598 0.8303112299999995
2781 2823 2813 1943 1689 1932 2634 2692 2594 1.1355586879999997
2781 2764 2794 1941 1682 1939 2600 2719 2590 1.349953412999998
2732 2770 2805 1944 1685 1935 2606 2718 2582 1.6261875109999977
2770 2760 2795 1942 1690 1941 2634 2704 2626 1.929374568
2750 2795 2783 1941 1692 1931 2593 2702 2614 2.2026566400000007
2788 2759 2813 1946 1682 1939 2588 2699 2593 2.3969991079999993
2756 2801 2791 1943 1689 1936 2596 2716 2588 2.6614116109999983
2791 2770 2799 1941 1682 1934 2591 2693 2611 2.967611958999999
2761 2779 2812 1945 1688 1931 2626 2705 2582 3.2438730430000007
2749 2776 2794 1942 1687 1931 2629 2714 2614 3.454305598999998
2750 2757 2805 1940 1683 1933 2613 2727 2585 3.7036407099999984
2745 2756 2797 1942 1679 1932 2587 2714 2588 4.033758844999998
2755 2757 2799 1946 1692 1933 2576 2733 2612 4.283091403
2765 2756 2803 1943 1692 1943 2603 2727 2606 4.580294910999999
2747 2777 2794 1947 1694 1942 2622 2712 2596 4.855555332999998
2775 2786 2828 1948 1680 1935 2614 2710 2614 5.076987875999997
2769 2770 2801 1946 1692 1940 2642 2705 2613 5.380185873999999
2750 2761 2805 1945 1692 1935 2628 2726 2580 5.752180103999997
2763 2783 2801 1942 1694 1940 2637 2710 2587 5.957664416999997
2750 2761 2809 1945 1687 1945 2630 2706 2584 6.365572344999997
2771 2782 2782 1938 1683 1931 2617 2711 2582 6.725598746999999
2741 2787 2808 1941 1676 1931 2602 2710 2599 6.901145983999996
2736 2733 2810 1946 1685 1935 2631 2733 2593 7.174381742999998
2750 2774 2801 1942 1695 1934 2621 2728 2606 7.525439749999997
2770 2767 2814 1942 1689 1934 2608 2727 2602 7.701007773000001
2761 2771 2802 1947 1684 1934 2616 2706 2614 7.976238656
2772 2758 2799 1939 1690 1947 2616 2683 2610 8.308374891
2746 2764 2799 1952 1698 1935 2633 2728 2593 8.501882987000002
2752 2788 2799 1944 1684 1939 2625 2706 2586 8.740164868
2782 2789 2802 1942 1688 1944 2598 2715 2605 9.109236248000002
2751 2784 2806 1950 1687 1938 2624 2701 2623 9.350589767000002
2737 2744 2824 1946 1695 1942 2627 2701 2574 9.684681011999999
2776 2743 2803 1941 1683 1942 2639 2704 2630 9.910119119999997
