2753 2800 2796 1941 1654 1940 2654 2675 2642 1.0940000052528376e-06
2752 2768 2792 1939 1659 1933 2700 2669 2656 0.10114963099999841
2759 2782 2777 1934 1662 1940 2695 2659 2640 0.26917549299999877
2735 2775 2811 1941 1664 1937 2677 2663 2640 0.565180686000005
2739 2801 2792 1936 1661 1933 2669 2662 2667 0.8451541380000052
2747 2815 2784 1942 1658 1937 2659 2675 2628 1.145169272000004
2740 2783 2799 1935 1656 1937 2690 2673 2637 1.4771928230000029
2731 2799 2794 1927 1658 1929 2693 2668 2650 1.7332091020000036
2737 2773 2799 1930 1664 1937 2678 2660 2647 2.1891571869999993
2729 2789 2788 1909 1661 1933 2685 2670 2632 2.421167791000002
2731 2804 2780 1923 1651 1937 2641 2657 2640 2.6489099019999998
2740 2782 2772 1914 1658 1933 2664 2659 2662 2.9848930690000017
2761 2764 2805 1928 1664 1939 2680 2675 2634 3.2249162620000007
2800 2769 2805 1901 1664 1928 2685 2659 2648 3.488941848000003
2751 2756 2795 1918 1658 1937 2653 2660 2632 3.8288930180000023
2784 2782 2786 1932 1660 1934 2652 2657 2636 4.0688826610000035
2745 2773 2781 1935 1659 1935 2672 2658 2652 4.420855996
2759 2783 2798 1933 1654 1942 2697 2668 2654 4.724898211000003
2763 2752 2792 1944 1658 1941 2683 2669 2635 5.024898393000001
2755 2783 2793 1932 1653 1930 2673 2678 2635 5.1928834120000005
2774 2780 2805 1936 1658 1930 2679 2665 2652 5.464908823000002
2756 2753 2802 1938 1656 1937 2718 2670 2627 5.797811598999999
2744 2786 2799 1935 1659 1933 2661 2664 2644 6.136929492
2759 2772 2793 1940 1659 1933 2694 2675 2620 6.376868446000003
2753 2766 2802 1941 1660 1933 2689 2668 2656 6.573235941
2741 2767 2788 1930 1665 1938 2683 2661 2622 6.881437248000005
2753 2768 2802 1940 1669 1936 2681 2665 2619 7.175325516000001
2730 2775 2805 1938 1660 1934 2687 2662 2647 7.549134723000002
2739 2781 2778 1935 1665 1937 2696 2660 2647 7.749116489000002
2754 2789 2789 1931 1659 1936 2682 2663 2647 7.993163846000002
2737 2782 2795 1933 1662 1934 2667 2657 2648 8.221163051000005
2750 2799 2818 1933 1656 1936 2678 2662 2633 8.627333677000003
2750 2755 2805 1938 1658 1938 2699 2665 2633 8.855367891
2735 2745 2792 1934 1658 1932 2678 2676 2636 9.191348140000002
2728 2761 2791 1934 1658 1941 2661 2655 2639 9.531342707
2752 2786 2801 1939 1658 1932 2704 2668 2636 9.867345566000004
