2241 2224 2268 1870 1861 1822 1784 1779 1771 1.094000001700124e-06
2237 2224 2264 1863 1857 1833 1781 1782 1774 0.10241686799999883
2239 2230 2272 1865 1852 1831 1783 1781 1775 0.4754682850000016
2238 2240 2276 1870 1846 1834 1781 1782 1772 0.6992788599999997
2243 2233 2270 1875 1855 1830 1782 1783 1775 1.0336279280000014
2242 2235 2268 1868 1851 1834 1780 1783 1772 1.2776125610000015
2243 2231 2267 1863 1849 1834 1780 1779 1775 1.5104360210000003
2238 2227 2273 1873 1854 1838 1784 1780 1773 1.8796025800000002
2234 2230 2264 1867 1854 1826 1782 1783 1775 2.214279124000001
2242 2223 2280 1873 1855 1827 1783 1781 1771 2.378255296999999
2238 2233 2278 1870 1854 1821 1783 1777 1771 2.71428113
2241 2228 2276 1871 1852 1827 1779 1785 1774 2.956534297000001
2241 2225 2281 1872 1859 1828 1781 1781 1771 3.1622800799999986
2232 2243 2265 1873 1859 1825 1781 1780 1777 3.506319596000001
2241 2236 2271 1869 1852 1824 1784 1782 1776 3.8353028699999996
2240 2232 2270 1872 1856 1830 1779 1777 1770 4.21275151
2244 2235 2281 1874 1857 1832 1784 1782 1776 4.391771524999999
2253 2234 2258 1872 1850 1834 1781 1784 1773 4.663771044000001
2242 2238 2276 1870 1848 1829 1778 1776 1777 4.903743548000001
2247 2239 2276 1871 1854 1825 1782 1775 1775 5.2397522410000015
2238 2235 2262 1870 1858 1821 1785 1781 1773 5.463775784999999
2227 2234 2258 1868 1853 1830 1785 1787 1778 5.831785966000002
2226 2220 2279 1876 1853 1833 1781 1778 1778 6.043753066000001
2234 2235 2277 1862 1859 1831 1783 1785 1771 6.279773247000001
2243 2228 2274 1869 1864 1827 1780 1776 1773 6.619781670999998
2239 2239 2273 1872 1855 1823 1785 1781 1773 6.839760263999999
2240 2231 2281 1871 1857 1828 1783 1780 1778 7.207785762
2240 2237 2275 1870 1860 1834 1784 1777 1776 7.499462289999997
2236 2238 2267 1869 1857 1825 1783 1779 1776 7.655424414999999
2245 2239 2266 1869 1852 1832 1780 1781 1777 8.003399479000002
2239 2232 2269 1868 1857 1830 1785 1776 1773 8.302875262
2249 2239 2280 1872 1856 1824 1782 1781 1774 8.491412505
2232 2230 2268 1866 1850 1832 1778 1781 1777 8.700334222999999
2238 2238 2280 1867 1860 1825 1784 1782 1775 9.066119172
2237 2236 2271 1870 1858 1825 1784 1782 1775 9.314106815999999
2243 2224 2275 1872 1856 1824 1784 1778 1774 9.6420825
2227 2232 2270 1866 1852 1823 1780 1776 1771 9.902098144
