2383 2451 2466 1857 1811 1810 1761 1692 1713 7.30000003557052e-07
2386 2462 2473 1864 1811 1801 1764 1693 1720 0.12302561700000325
2393 2463 2460 1866 1802 1810 1761 1688 1717 0.4030001630000015
2388 2467 2454 1866 1811 1802 1764 1690 1715 0.6070188560000034
2398 2455 2460 1860 1813 1806 1763 1693 1715 0.851039956000001
2383 2463 2458 1862 1815 1799 1760 1702 1712 1.071007973999997
2393 2467 2450 1860 1814 1810 1761 1694 1714 1.4070028100000016
2392 2464 2467 1867 1805 1801 1759 1690 1713 1.7790579409999978
2392 2462 2462 1855 1808 1802 1764 1708 1713 2.0230695600000033
2392 2464 2448 1866 1808 1809 1765 1695 1717 2.3511320360000028
2391 2463 2464 1860 1802 1805 1761 1699 1717 2.597758722000002
2384 2461 2468 1859 1808 1804 1766 1702 1715 2.971088383999998
2392 2470 2449 1864 1802 1805 1767 1692 1711 3.1797085170000017
2385 2465 2448 1864 1812 1804 1766 1692 1717 3.3957234840000012
2384 2459 2459 1860 1808 1807 1772 1700 1722 3.6317086560000007
2394 2461 2461 1863 1810 1807 1775 1701 1717 3.9997024270000026
2399 2458 2461 1864 1807 1806 1771 1702 1715 4.223733264000003
2394 2475 2454 1855 1808 1810 1768 1704 1716 4.431710479000003
2392 2468 2461 1861 1807 1812 1764 1712 1713 4.799725766000002
2387 2461 2462 1861 1803 1804 1767 1699 1716 5.043743583999998
2407 2462 2449 1861 1802 1805 1766 1706 1712 5.277484926
2383 2470 2449 1859 1816 1801 1771 1708 1710 5.623704455000002
2388 2460 2468 1858 1811 1802 1766 1709 1714 5.849265457999998
2388 2462 2452 1849 1810 1805 1768 1712 1716 6.2077044400000005
2403 2466 2458 1859 1817 1807 1765 1709 1708 6.463698839000003
2401 2452 2463 1856 1813 1811 1767 1705 1713 6.787710529999998
2400 2473 2444 1855 1811 1802 1767 1703 1712 6.995742446999998
2384 2460 2461 1861 1807 1810 1766 1710 1715 7.364948390000002
2383 2467 2459 1861 1812 1811 1766 1702 1717 7.587711259999999
2387 2457 2465 1858 1817 1806 1766 1708 1714 7.916411547999999
2389 2454 2463 1862 1818 1807 1768 1709 1712 8.186153013000002
2393 2464 2474 1858 1811 1809 1766 1702 1712 8.446674823000002
2396 2467 2455 1862 1812 1808 1766 1705 1710 8.874628809
2396 2473 2468 1864 1811 1804 1768 1709 1709 9.021911359
2405 2461 2463 1851 1815 1806 1763 1707 1713 9.248467919
2393 2464 2453 1851 1809 1808 1769 1703 1712 9.473554483000001
2405 2468 2465 1854 1810 1810 1764 1704 1715 9.805027743000004
2386 2460 2454 1860 1808 1805 1768 1708 1712 10.025021653000003
