2421 2454 2466 1861 1817 1821 1743 1698 1691 7.300000000043383e-07
2421 2457 2475 1853 1818 1817 1741 1696 1693 0.2157487549999999
2426 2465 2464 1859 1821 1817 1743 1696 1694 0.5488798169999995
2418 2461 2470 1852 1818 1828 1743 1691 1692 0.7902092680000017
2429 2464 2471 1857 1821 1829 1744 1700 1691 1.0156109089999994
2422 2465 2471 1862 1818 1821 1744 1698 1694 1.3487437940000007
2423 2458 2469 1867 1815 1826 1745 1700 1691 1.5900954899999995
2414 2468 2473 1863 1819 1825 1740 1701 1696 1.9261705540000023
2426 2468 2473 1858 1812 1830 1742 1699 1689 2.16553296
2425 2458 2468 1859 1820 1828 1736 1699 1693 2.3899569140000025
2416 2467 2458 1857 1821 1827 1741 1697 1694 2.7270399340000004
2428 2473 2463 1856 1821 1830 1744 1699 1692 2.966397234000002
2423 2464 2475 1856 1816 1821 1741 1702 1697 3.2696430040000024
2416 2462 2455 1859 1822 1825 1745 1697 1691 3.541860961000001
2420 2465 2469 1863 1820 1827 1744 1697 1692 3.765320356
2419 2454 2460 1861 1819 1832 1745 1700 1695 4.005622524
2416 2460 2464 1860 1821 1824 1741 1690 1694 4.245014469000001
2419 2457 2473 1861 1821 1824 1742 1694 1693 4.583081740000001
2418 2462 2472 1860 1817 1821 1743 1694 1692 4.824448752000002
2419 2466 2471 1860 1822 1828 1740 1700 1690 5.158518116
2422 2467 2458 1855 1825 1828 1741 1701 1693 5.380944758000002
2407 2469 2461 1858 1814 1832 1741 1696 1697 5.621301261999999
2422 2465 2475 1861 1825 1814 1743 1700 1695 5.957389818999999
2421 2469 2473 1860 1818 1827 1746 1696 1690 6.293509738000001
2404 2460 2460 1859 1815 1824 1740 1703 1694 6.532892566000001
2419 2455 2470 1860 1817 1832 1744 1695 1687 6.875013902999999
2423 2455 2473 1861 1821 1831 1747 1697 1692 7.096376795000001
2428 2467 2473 1858 1821 1827 1743 1699 1690 7.341701599
2426 2460 2466 1857 1817 1819 1746 1699 1688 7.524246905000002
2424 2468 2475 1856 1821 1820 1746 1697 1694 7.797485947000002
2408 2464 2475 1857 1821 1826 1745 1694 1694 8.132592805000002
2419 2457 2473 1852 1826 1825 1741 1696 1693 8.372971554
2418 2471 2473 1860 1818 1822 1745 1694 1697 8.594389875000001
2411 2456 2473 1863 1809 1823 1744 1695 1692 8.950376798
2420 2463 2468 1859 1827 1829 1742 1697 1694 9.173786233000001
2425 2468 2471 1861 1819 1826 1743 1696 1696 9.514890863000002
2425 2463 2461 1860 1830 1821 1742 1699 1693 9.749271840000002
2429 2455 2478 1863 1821 1826 1744 1696 1693 9.957688485999999
