2278 2456 2458 1624 1806 1792 1692 1782 1779 1.0939999981474102e-06
2274 2459 2450 1659 1810 1794 1695 1782 1780 0.20304246399999926
2296 2454 2457 1725 1811 1787 1688 1786 1778 0.4735234859999977
2290 2457 2447 1729 1809 1791 1692 1780 1775 0.7792705449999993
2273 2449 2451 1700 1810 1794 1686 1779 1774 1.1495409680000002
2278 2462 2455 1662 1805 1790 1672 1773 1777 1.3802599019999988
2288 2457 2459 1646 1809 1794 1674 1780 1776 1.6335079509999986
2282 2453 2459 1677 1807 1796 1679 1781 1776 1.9495508139999984
2285 2463 2451 1701 1801 1793 1687 1773 1778 2.2095285330000003
2281 2470 2457 1702 1803 1793 1687 1779 1773 2.413518416999999
2306 2448 2451 1699 1806 1793 1697 1784 1776 2.6855489329999997
2279 2465 2458 1692 1812 1792 1692 1784 1780 3.0255325589999984
2294 2458 2444 1690 1808 1792 1689 1780 1778 3.385539268999999
2304 2452 2452 1679 1810 1795 1694 1782 1777 3.601532355
2272 2458 2446 1653 1809 1795 1684 1782 1780 3.837519714999999
2267 2460 2458 1616 1804 1794 1685 1777 1776 4.063783807
2291 2461 2437 1607 1812 1786 1679 1785 1777 4.400383999999995
2299 2466 2451 1626 1805 1793 1682 1782 1777 4.636384489000001
2288 2458 2461 1614 1812 1797 1685 1783 1777 4.876439773000001
2281 2451 2456 1603 1816 1794 1685 1777 1778 5.214153676999999
2278 2455 2443 1603 1805 1795 1682 1782 1782 5.435763086999998
2281 2457 2453 1633 1812 1795 1688 1781 1779 5.6781989539999955
2287 2459 2461 1644 1811 1793 1687 1780 1775 6.050158541000002
2299 2451 2455 1649 1796 1798 1684 1778 1778 6.254218442999999
2304 2459 2459 1665 1801 1797 1696 1784 1774 6.492625042
2278 2452 2453 1659 1808 1792 1698 1787 1776 6.8501432249999965
2298 2454 2454 1649 1807 1797 1697 1786 1777 7.082720895999998
2299 2459 2457 1640 1814 1787 1699 1781 1779 7.426163807000002
2279 2462 2449 1650 1809 1791 1698 1780 1780 7.607819677000002
2294 2470 2448 1638 1813 1794 1697 1786 1778 7.870153545000001
2308 2448 2460 1658 1811 1792 1699 1787 1776 8.254158271999998
2295 2475 2461 1645 1815 1794 1693 1782 1773 8.398333809999997
2292 2455 2449 1631 1816 1790 1696 1781 1776 8.798161319999998
2299 2464 2438 1639 1811 1792 1692 1782 1779 9.005242535
2301 2455 2467 1638 1809 1795 1694 1783 1776 9.374151269999999
2299 2461 2436 1612 1811 1791 1693 1790 1777 9.602145733999997
2312 2463 2452 1590 1810 1797 1693 1779 1776 9.806208917
