2780 2773 2799 1971 1708 1900 2613 2705 2492 3.649999982258123e-07
2773 2777 2813 1964 1707 1900 2595 2724 2491 0.1173950700000006
2748 2768 2810 1971 1706 1906 2627 2707 2489 0.41561783800000285
2745 2797 2805 1968 1699 1901 2601 2715 2419 0.6410187500000006
2768 2758 2810 1973 1704 1897 2645 2713 2490 0.8793520500000014
2769 2763 2792 1973 1710 1899 2616 2716 2477 1.2154840030000003
2758 2778 2824 1965 1696 1901 2620 2703 2485 1.4568116300000042
2771 2753 2794 1965 1705 1901 2612 2723 2527 1.6791992520000036
2782 2765 2808 1966 1706 1901 2646 2711 2478 1.9524743959999995
2764 2753 2799 1967 1700 1895 2622 2713 2458 2.255673487000003
2734 2766 2806 1966 1702 1895 2590 2719 2503 2.4950140130000023
2756 2778 2797 1973 1702 1898 2608 2748 2522 2.888985973000004
2771 2746 2787 1966 1700 1902 2605 2709 2489 3.0725173539999986
2764 2766 2817 1964 1703 1898 2639 2714 2522 3.3946287360000014
2769 2758 2797 1965 1701 1897 2622 2708 2432 3.7756209010000035
2757 2784 2807 1971 1703 1904 2603 2707 2501 4.000022975
2749 2766 2799 1965 1700 1900 2629 2704 2511 4.212466701000004
2758 2772 2818 1969 1699 1905 2584 2727 2527 4.542590672000003
2768 2773 2799 1975 1690 1903 2585 2704 2498 4.737039987999999
2733 2764 2803 1968 1692 1903 2616 2713 2499 5.124023726000004
2766 2750 2804 1968 1685 1897 2619 2705 2515 5.343429054000005
2745 2771 2801 1973 1686 1897 2636 2726 2503 5.715442248000002
2773 2780 2830 1968 1686 1898 2606 2722 2490 6.016660802000004
2763 2786 2803 1960 1683 1905 2610 2725 2532 6.288925437000003
2769 2785 2797 1965 1681 1901 2601 2727 2545 6.496364759999999
2763 2796 2796 1967 1684 1906 2619 2705 2478 6.720750424000002
2787 2763 2826 1971 1688 1903 2631 2726 2497 7.0888058250000014
2766 2754 2800 1965 1690 1899 2631 2728 2502 7.297190014999998
2792 2786 2806 1975 1679 1896 2609 2725 2513 7.664246577
2784 2783 2799 1961 1684 1899 2635 2716 2525 7.904604540000001
2756 2762 2818 1965 1687 1903 2644 2712 2540 8.127008937
2743 2780 2801 1969 1692 1897 2633 2709 2524 8.339416925000002
2775 2771 2809 1964 1691 1903 2620 2735 2466 8.575793391000005
2748 2768 2807 1973 1681 1899 2625 2702 2528 8.917894672000003
2751 2785 2824 1966 1684 1900 2639 2712 2493 9.137305105000003
2774 2783 2814 1966 1682 1899 2615 2707 2484 9.344713067
2742 2750 2799 1971 1674 1903 2642 2719 2487 9.712820981
2782 2786 2823 1964 1675 1890 2610 2694 2513 9.951124742000005
