2653 2723 2781 1955 1730 1918 2562 2690 2610 7.289999999215979e-07
2666 2769 2800 1953 1738 1926 2626 2711 2622 0.16791719000000072
2663 2716 2786 1959 1732 1925 2589 2697 2598 0.3983407389999982
2673 2744 2800 1969 1731 1918 2617 2735 2628 0.7433524730000016
2660 2751 2773 1955 1733 1923 2571 2709 2604 0.9678176349999994
2669 2738 2780 1956 1734 1914 2614 2708 2578 1.2081260020000002
2681 2765 2788 1962 1728 1919 2595 2715 2606 1.4494838970000004
2673 2746 2799 1956 1733 1922 2615 2704 2597 1.643939049
2661 2746 2799 1953 1736 1921 2628 2724 2585 2.0249385070000017
2653 2749 2777 1947 1733 1921 2622 2717 2590 2.249340945
2668 2755 2796 1959 1736 1923 2608 2716 2583 2.4927059989999982
2670 2751 2786 1949 1729 1917 2579 2685 2606 2.732022821000001
2679 2731 2787 1959 1732 1913 2604 2702 2584 3.0721431999999993
2656 2745 2802 1961 1731 1929 2619 2694 2598 3.3992764889999982
2682 2707 2790 1959 1732 1920 2585 2718 2620 3.691539045999999
2677 2728 2801 1954 1738 1919 2616 2722 2586 4.106407846
2653 2749 2787 1952 1728 1917 2562 2717 2597 4.327809392999999
2652 2727 2795 1954 1733 1918 2601 2718 2601 4.570136223999999
2668 2752 2795 1957 1740 1923 2616 2721 2566 4.877369324
2671 2741 2771 1957 1733 1913 2570 2709 2585 5.1436070140000005
2658 2748 2802 1951 1732 1917 2611 2719 2612 5.402941814999998
2676 2714 2792 1956 1735 1915 2602 2710 2597 5.642275412
2679 2753 2772 1956 1734 1921 2606 2708 2593 5.916564346000001
2650 2734 2802 1960 1731 1920 2645 2716 2587 6.1838490109999995
2660 2728 2793 1955 1730 1919 2590 2726 2599 6.407196451000001
2665 2730 2788 1959 1735 1917 2585 2728 2620 6.743328404
2667 2726 2792 1951 1733 1918 2592 2726 2582 6.951807409000001
2678 2707 2778 1956 1728 1918 2584 2731 2614 7.1921620899999965
2665 2774 2785 1952 1731 1918 2599 2727 2581 7.5591774439999995
2665 2747 2793 1956 1733 1924 2616 2701 2616 7.783583894000003
2657 2738 2794 1954 1735 1914 2579 2706 2563 8.151559796
2676 2707 2780 1957 1734 1920 2599 2727 2582 8.39296984
2664 2761 2781 1956 1733 1919 2558 2728 2618 8.696109854
2670 2771 2790 1955 1733 1922 2621 2713 2565 9.031247344999997
2668 2726 2799 1953 1732 1914 2610 2706 2574 9.271598742999998
2690 2754 2789 1958 1733 1922 2613 2724 2587 9.527914054
2650 2747 2800 1957 1734 1920 2632 2734 2605 9.874003031
