2392 2458 2478 1843 1810 1808 1747 1786 1787 7.289999999215979e-07
2396 2465 2451 1851 1810 1803 1749 1788 1785 0.15152515200000138
2390 2467 2461 1847 1807 1804 1752 1784 1788 0.3300459310000008
2391 2455 2461 1848 1811 1806 1744 1791 1785 0.7300338960000019
2395 2462 2458 1854 1815 1809 1746 1792 1787 0.949966541000002
2380 2464 2473 1856 1815 1807 1749 1796 1788 1.1917554800000012
2405 2457 2471 1842 1804 1812 1742 1795 1785 1.5264943829999993
2389 2455 2466 1846 1810 1807 1744 1790 1786 1.7333217850000011
2392 2463 2464 1846 1818 1803 1744 1793 1784 1.9607407959999996
2389 2450 2456 1852 1810 1810 1741 1796 1790 2.3028493700000006
2389 2454 2456 1845 1809 1801 1743 1797 1785 2.5332142070000003
2394 2462 2452 1849 1811 1813 1744 1790 1791 2.838445984
2395 2471 2448 1841 1809 1806 1750 1791 1785 3.1096847949999997
2409 2464 2446 1845 1813 1809 1743 1787 1785 3.3330803720000013
2391 2463 2455 1850 1809 1801 1748 1799 1788 3.729023753
2400 2453 2448 1842 1812 1805 1748 1794 1784 3.91153405
2395 2461 2469 1849 1821 1797 1746 1791 1785 4.117989851000001
2387 2465 2450 1843 1807 1812 1744 1788 1782 4.4860011270000015
2386 2454 2459 1858 1809 1797 1747 1794 1791 4.710415599000001
2397 2447 2459 1857 1812 1808 1749 1788 1786 4.9557611900000005
2392 2464 2461 1852 1820 1799 1746 1787 1790 5.190110077
2393 2452 2458 1845 1809 1807 1748 1796 1785 5.413526804
2391 2460 2450 1857 1815 1807 1747 1796 1788 5.751601734000001
2391 2458 2456 1848 1806 1805 1751 1794 1786 5.993937316
2391 2462 2448 1846 1812 1803 1745 1788 1786 6.229324426000002
2386 2468 2449 1849 1808 1797 1746 1791 1790 6.4557380339999995
2383 2447 2460 1849 1808 1800 1748 1788 1787 6.730991161999999
2396 2464 2448 1855 1801 1810 1747 1793 1788 7.031214523999999
2389 2466 2453 1856 1813 1800 1747 1789 1787 7.238669893000001
2404 2457 2462 1844 1807 1802 1744 1794 1785 7.514843819999999
2387 2472 2463 1844 1806 1803 1750 1788 1788 7.853959889999999
2401 2452 2456 1846 1814 1814 1742 1791 1793 8.038469688
2389 2462 2456 1856 1813 1808 1742 1791 1788 8.438433585000002
2400 2461 2443 1852 1815 1798 1747 1791 1788 8.677787603999999
2394 2469 2463 1841 1818 1805 1744 1797 1786 8.918102535
2397 2445 2456 1856 1809 1806 1744 1793 1787 9.255218011
2396 2463 2457 1850 1804 1809 1746 1795 1787 9.58937052
2395 2467 2456 1851 1819 1797 1749 1796 1783 9.814778726
