2422 2463 2470 1854 1844 1828 1735 1691 1708 7.300000000043383e-07
2416 2470 2477 1846 1831 1833 1732 1695 1712 0.2458083610000017
2419 2456 2473 1850 1829 1830 1736 1695 1711 0.4911678100000003
2421 2462 2464 1845 1829 1833 1728 1691 1712 0.7255294599999971
2423 2465 2468 1858 1830 1829 1736 1695 1710 0.9499501310000014
2426 2462 2468 1849 1842 1828 1733 1698 1711 1.291054760999998
2416 2460 2468 1860 1844 1827 1736 1698 1709 1.5254306329999991
2411 2448 2475 1847 1827 1829 1733 1696 1712 1.927307239000001
2417 2472 2466 1861 1843 1824 1732 1693 1710 2.1058579199999983
2424 2467 2473 1851 1837 1831 1731 1697 1712 2.4688943310000013
2421 2459 2463 1850 1832 1828 1733 1694 1705 2.6942485650000023
2409 2463 2474 1852 1831 1839 1734 1695 1707 3.0283627840000023
2414 2469 2472 1849 1831 1826 1736 1694 1711 3.3674577029999995
2418 2469 2470 1856 1841 1836 1734 1698 1713 3.6058475270000017
2426 2457 2469 1858 1837 1824 1731 1692 1712 3.9439290210000024
2414 2465 2465 1857 1833 1830 1734 1697 1712 4.181305055000003
2408 2459 2473 1849 1833 1825 1738 1699 1712 4.404715218
2430 2455 2471 1859 1845 1824 1735 1700 1712 4.747798562
2418 2471 2482 1850 1836 1836 1737 1699 1713 5.108826721
2413 2468 2477 1859 1839 1832 1739 1700 1711 5.350159818000002
2423 2456 2458 1857 1837 1833 1733 1697 1710 5.556636040999997
2430 2464 2472 1845 1842 1825 1735 1697 1711 5.925644331000001
2425 2458 2464 1854 1832 1829 1732 1698 1711 6.150025618999997
2419 2456 2464 1854 1836 1831 1732 1697 1706 6.393380825999998
2419 2465 2469 1856 1832 1829 1734 1695 1712 6.6297729730000015
2423 2461 2474 1853 1835 1833 1732 1691 1711 6.965869189000003
2410 2456 2470 1855 1847 1830 1735 1699 1709 7.215187159999999
2420 2460 2464 1860 1826 1835 1735 1698 1709 7.428618055000001
2424 2470 2479 1853 1835 1821 1736 1695 1713 7.796590311000003
2410 2463 2461 1856 1832 1839 1736 1698 1713 8.040992858000003
2411 2458 2469 1850 1836 1831 1735 1695 1713 8.277333222000003
2427 2468 2476 1857 1827 1828 1734 1695 1713 8.501736754
2431 2452 2476 1849 1832 1828 1732 1698 1710 8.839859456
2419 2472 2471 1848 1834 1833 1737 1692 1711 9.077168755000002
2410 2455 2465 1848 1840 1826 1736 1698 1712 9.292649111000003
2416 2459 2471 1849 1835 1831 1736 1694 1710 9.654677931000002
2420 2459 2457 1858 1842 1828 1737 1694 1709 9.877054246999997
