2401 2454 2464 1838 1803 1801 1795 1780 1779 7.300000000043383e-07
2411 2474 2454 1843 1803 1807 1793 1781 1776 0.10854227599999788
2395 2447 2464 1845 1792 1805 1793 1782 1777 0.2681168489999983
2399 2462 2471 1844 1802 1799 1801 1779 1774 0.5159250749999984
2404 2466 2453 1843 1803 1803 1794 1778 1774 0.8500268949999992
2401 2467 2467 1841 1811 1806 1790 1780 1775 1.0859208989999978
2394 2451 2468 1840 1792 1796 1794 1782 1778 1.3083522809999977
2400 2449 2464 1846 1805 1795 1796 1785 1777 1.5826196989999985
2395 2473 2464 1839 1805 1802 1796 1785 1779 1.9166963569999993
2407 2456 2458 1839 1793 1807 1794 1786 1776 2.156085748999999
2404 2462 2469 1843 1803 1796 1798 1780 1781 2.3804553669999997
2393 2466 2469 1842 1795 1805 1795 1781 1777 2.718562751999997
2410 2455 2464 1840 1798 1798 1793 1783 1779 2.955923835
2391 2466 2467 1840 1804 1801 1796 1781 1779 3.163393060999997
2399 2459 2466 1846 1794 1802 1795 1781 1779 3.5314101709999974
2397 2464 2456 1845 1812 1790 1794 1781 1775 3.7837439849999974
2410 2455 2470 1851 1804 1804 1792 1782 1777 4.002130418
2401 2468 2470 1846 1801 1811 1798 1786 1778 4.332285020999997
2406 2463 2462 1837 1806 1802 1797 1781 1779 4.577621130999997
2402 2463 2470 1837 1803 1805 1799 1781 1780 4.939656514999999
2394 2461 2468 1843 1798 1807 1798 1782 1777 5.282704850999998
2412 2459 2471 1836 1800 1804 1796 1781 1776 5.485196659
2398 2460 2462 1850 1801 1802 1795 1782 1778 5.852928231
2405 2453 2470 1843 1808 1795 1796 1781 1779 6.109530174
2386 2469 2473 1844 1800 1804 1794 1779 1779 6.315945495999998
2390 2467 2472 1848 1806 1806 1793 1781 1775 6.715870738
2397 2472 2475 1840 1800 1808 1796 1777 1777 6.926357630999998
2399 2459 2477 1840 1801 1799 1795 1782 1774 7.151714417999997
2384 2461 2463 1839 1803 1799 1799 1779 1777 7.538707636999998
2411 2464 2473 1835 1789 1802 1793 1781 1775 7.7889927199999995
2398 2460 2446 1847 1798 1801 1795 1779 1774 8.031370239999998
2407 2468 2464 1843 1809 1806 1797 1786 1778 8.364545427
2405 2461 2460 1843 1798 1801 1794 1779 1779 8.604917612000001
2396 2447 2463 1843 1802 1802 1795 1784 1776 8.939957004999997
2397 2463 2459 1849 1795 1802 1793 1783 1777 9.307028883999998
2394 2460 2461 1845 1799 1795 1793 1785 1778 9.531371516
2406 2465 2460 1851 1805 1805 1793 1783 1780 9.870450753999997
