2779 2779 2812 1956 1752 1918 2658 2722 2590 7.289999999215979e-07
2773 2778 2805 1948 1746 1925 2647 2715 2599 0.1256107809999989
2754 2775 2809 1954 1760 1915 2633 2691 2569 0.42683334599999867
2773 2793 2808 1952 1755 1917 2599 2724 2568 0.6622397830000004
2778 2749 2799 1950 1750 1915 2647 2738 2554 0.9177054069999997
2761 2752 2802 1947 1747 1923 2632 2723 2585 1.1259743600000007
2763 2774 2807 1953 1742 1917 2633 2726 2558 1.4630544619999988
2750 2767 2794 1950 1747 1913 2640 2708 2573 1.8290655079999993
2767 2785 2815 1955 1750 1922 2592 2716 2575 2.042504061999999
2781 2782 2796 1952 1750 1916 2632 2718 2607 2.3806395269999996
2762 2778 2795 1952 1749 1924 2636 2726 2557 2.602020651
2739 2791 2790 1958 1753 1919 2650 2708 2588 2.965326190999999
2751 2773 2806 1950 1754 1913 2650 2722 2569 3.174522506999999
2775 2780 2791 1954 1755 1920 2628 2718 2548 3.424799567000001
2782 2788 2809 1957 1754 1919 2630 2713 2572 3.637249492999999
2745 2778 2811 1953 1742 1918 2634 2715 2578 3.8775987030000003
2742 2793 2801 1953 1749 1914 2648 2714 2595 4.2137116930000005
2757 2775 2792 1955 1753 1917 2600 2724 2585 4.455069952999999
2751 2791 2796 1947 1747 1918 2623 2697 2586 4.790183011
2753 2760 2783 1962 1758 1913 2625 2708 2588 5.014586179000002
2774 2773 2816 1956 1750 1917 2637 2730 2583 5.381567254
2766 2758 2799 1960 1743 1915 2632 2731 2583 5.589033197999999
2770 2783 2797 1957 1746 1923 2636 2718 2583 5.832682696999999
2775 2768 2805 1950 1748 1916 2606 2736 2549 6.165530043
2774 2763 2808 1956 1750 1918 2661 2696 2575 6.389401517
2745 2761 2816 1954 1746 1916 2636 2722 2609 6.757963084
2759 2776 2800 1953 1747 1924 2617 2702 2567 7.001217642
2751 2769 2798 1944 1747 1920 2575 2716 2582 7.333407119
2770 2790 2793 1959 1749 1917 2644 2725 2564 7.541774169
2753 2778 2803 1949 1755 1919 2635 2711 2605 7.799140101999999
2768 2781 2811 1959 1762 1923 2654 2703 2557 8.134205387000002
2778 2777 2800 1954 1753 1916 2598 2718 2594 8.383520076
2767 2788 2807 1954 1750 1914 2625 2726 2555 8.58703151
2785 2776 2817 1956 1749 1910 2631 2707 2555 8.951087181000002
2757 2763 2800 1953 1758 1917 2602 2699 2539 9.174456501000002
2773 2793 2800 1958 1747 1924 2616 2714 2566 9.413853550999999
2768 2753 2808 1953 1742 1918 2636 2717 2586 9.717984381
2772 2779 2795 1954 1748 1922 2644 2715 2542 9.957353351000002
