2739 2775 2799 1942 1734 1916 2602 2719 2578 7.289999999215979e-07
2752 2754 2783 1954 1730 1919 2632 2719 2575 0.30544511000000085
2772 2785 2819 1961 1735 1922 2600 2700 2556 0.5168732229999975
2732 2760 2805 1959 1738 1918 2610 2709 2598 0.7975238719999993
2747 2794 2794 1951 1733 1913 2625 2723 2590 1.1212587770000013
2786 2776 2803 1949 1731 1927 2619 2729 2567 1.3445212479999995
2732 2788 2791 1960 1730 1917 2628 2723 2574 1.6807644269999997
2752 2774 2794 1959 1736 1915 2613 2725 2578 1.9201921089999985
2759 2779 2802 1948 1733 1914 2617 2716 2596 2.4098366810000016
2764 2754 2814 1960 1736 1913 2636 2723 2591 2.625241914
2729 2779 2819 1964 1728 1919 2601 2701 2569 2.842666704999999
2770 2804 2802 1948 1722 1926 2650 2697 2592 3.173835097999998
2762 2760 2792 1956 1736 1922 2600 2710 2615 3.426117493999996
2734 2792 2815 1953 1731 1917 2616 2710 2591 3.673474984000002
2709 2786 2787 1955 1735 1917 2619 2712 2592 4.003554099999995
2780 2778 2807 1947 1729 1930 2626 2681 2594 4.2485886249999965
2737 2758 2803 1954 1729 1915 2617 2745 2604 4.590975809
2764 2812 2794 1956 1730 1920 2614 2727 2594 4.928081802999998
2763 2825 2815 1959 1734 1919 2628 2719 2587 5.146516372999997
2769 2797 2817 1963 1727 1922 2595 2719 2582 5.473617935999997
2744 2757 2806 1958 1730 1919 2625 2694 2631 5.707164542000001
2756 2794 2802 1946 1732 1929 2641 2713 2612 5.919437965999997
2744 2776 2818 1954 1735 1915 2633 2701 2569 6.231208688999999
2759 2797 2777 1956 1734 1925 2644 2699 2599 6.4200745019999985
2749 2755 2820 1960 1731 1920 2639 2715 2570 6.722268919999998
2768 2789 2794 1954 1734 1918 2602 2719 2583 6.969612917999996
2763 2778 2794 1954 1734 1915 2636 2710 2601 7.1850371139999964
2745 2775 2801 1954 1735 1925 2670 2709 2579 7.4274073409999986
2737 2780 2801 1952 1731 1922 2640 2725 2564 7.766499707000001
2746 2769 2804 1956 1733 1919 2630 2708 2565 7.9998683529999965
2735 2796 2804 1959 1731 1921 2632 2710 2548 8.340996687
2726 2771 2808 1955 1737 1919 2632 2705 2575 8.56040712
2737 2758 2789 1952 1732 1919 2653 2706 2558 8.800764354000002
2760 2752 2806 1952 1728 1918 2601 2707 2606 9.009194491999999
2741 2760 2810 1959 1735 1918 2632 2724 2567 9.344297339
2756 2759 2790 1962 1735 1916 2606 2717 2614 9.719289543999999
2725 2784 2800 1951 1732 1924 2630 2698 2561 9.944672951999998
