2567 2733 2781 1924 1734 1927 2640 2666 2593 1.094000001700124e-06
2606 2712 2777 1928 1730 1920 2681 2664 2621 0.10241686799999883
2607 2715 2796 1924 1730 1928 2645 2665 2581 0.3336175350000019
2563 2715 2770 1923 1735 1929 2665 2672 2616 0.6176403119999989
2601 2747 2796 1924 1730 1925 2687 2658 2615 0.8388854139999999
2608 2736 2752 1923 1727 1929 2679 2664 2616 1.0855894110000008
2628 2737 2782 1927 1726 1930 2686 2645 2590 1.4016122180000004
2610 2707 2785 1924 1739 1927 2659 2663 2610 1.641626659
2616 2691 2807 1927 1730 1925 2677 2676 2586 1.9176244490000016
2621 2762 2779 1924 1728 1928 2669 2666 2627 2.2822716189999994
2581 2718 2774 1926 1730 1926 2695 2688 2613 2.5302395719999993
2605 2735 2784 1927 1731 1929 2672 2671 2601 2.7998369909999994
2614 2726 2783 1923 1731 1926 2677 2671 2624 3.0585525780000005
2581 2709 2786 1923 1732 1926 2692 2656 2601 3.3223002830000006
2597 2738 2784 1925 1730 1926 2677 2654 2626 3.5662626700000004
2629 2752 2789 1922 1727 1928 2664 2662 2580 3.903779285999999
2590 2748 2779 1928 1732 1921 2662 2671 2609 4.1262413
2616 2723 2806 1923 1732 1929 2704 2652 2623 4.459807051999999
2611 2742 2786 1914 1733 1932 2672 2675 2602 4.707776463000002
2606 2707 2783 1920 1730 1926 2709 2670 2607 4.971777979999999
2590 2724 2800 1920 1731 1925 2697 2662 2597 5.1597419580000015
2603 2748 2773 1920 1733 1930 2651 2681 2618 5.403773268999998
2609 2735 2768 1924 1724 1929 2681 2677 2621 5.735811406
2585 2769 2781 1929 1729 1930 2672 2676 2616 6.108009854000002
2611 2742 2793 1929 1729 1926 2658 2657 2593 6.355571925
2621 2728 2769 1922 1732 1928 2638 2649 2616 6.535773480000003
2611 2725 2797 1912 1734 1929 2690 2657 2584 6.779761030000003
2594 2745 2794 1928 1735 1929 2667 2670 2611 7.1357847849999985
2601 2749 2786 1924 1733 1921 2651 2662 2597 7.327445449999999
2590 2733 2784 1926 1733 1928 2638 2671 2623 7.727452014000001
2611 2724 2790 1928 1732 1921 2667 2670 2624 7.931430958
2612 2734 2768 1927 1734 1922 2668 2654 2604 8.251997221000003
2582 2740 2772 1919 1731 1925 2686 2668 2592 8.527393301000004
2609 2753 2787 1925 1729 1926 2670 2657 2623 8.759768942999997
2590 2745 2760 1930 1737 1927 2659 2667 2605 8.965861529999998
2599 2765 2792 1923 1734 1923 2671 2650 2586 9.334114583999998
2609 2742 2761 1928 1733 1929 2672 2667 2609 9.706357521999998
2626 2733 2775 1924 1734 1929 2651 2660 2600 10.010102162999999
