2419 2470 2462 1830 1774 1752 1724 1694 1643 1.094000001700124e-06
2417 2464 2478 1827 1780 1754 1715 1706 1645 0.10944119400000218
2401 2444 2468 1825 1779 1751 1723 1692 1644 0.36081117799999873
2415 2458 2478 1827 1780 1744 1727 1703 1645 0.605467903000001
2408 2467 2466 1830 1784 1747 1719 1717 1640 0.9374517040000008
2418 2463 2469 1829 1778 1741 1726 1704 1645 1.1518675800000011
2399 2457 2463 1828 1774 1748 1717 1704 1646 1.369450639
2405 2468 2463 1826 1780 1746 1726 1701 1648 1.7374867129999991
2410 2458 2454 1837 1778 1736 1716 1704 1640 1.9424973150000007
2397 2461 2469 1820 1782 1744 1723 1697 1647 2.1814833789999994
2392 2464 2464 1827 1770 1748 1722 1707 1641 2.553486362000001
2419 2452 2467 1826 1773 1750 1719 1712 1646 2.7494807980000004
2405 2471 2467 1836 1779 1746 1720 1697 1651 3.1134784860000018
2410 2461 2461 1826 1782 1747 1723 1699 1644 3.2854417190000014
2412 2469 2467 1838 1783 1739 1726 1700 1648 3.6854756339999994
2408 2459 2470 1825 1783 1743 1721 1707 1647 3.9254302689999996
2413 2461 2461 1834 1786 1735 1719 1712 1646 4.087807716
2415 2466 2466 1843 1772 1755 1720 1707 1641 4.358404702999998
2411 2464 2461 1828 1781 1752 1723 1697 1641 4.602352869000001
2411 2470 2471 1822 1778 1742 1725 1711 1643 4.934399028999998
2410 2460 2455 1833 1785 1742 1725 1704 1636 5.158451745999997
2416 2470 2457 1832 1788 1744 1726 1711 1644 5.402372925999998
2414 2467 2467 1833 1806 1743 1723 1713 1647 5.766416562000003
2402 2458 2466 1824 1815 1747 1717 1706 1653 6.102429266999998
2410 2472 2470 1829 1820 1751 1719 1701 1654 6.346412077000004
2405 2466 2469 1824 1812 1747 1718 1698 1652 6.598390334999998
2403 2463 2467 1838 1810 1749 1721 1705 1652 6.926399568999997
2406 2456 2455 1834 1813 1745 1722 1701 1654 7.262418473000004
2414 2469 2465 1830 1807 1746 1722 1708 1658 7.518389167999999
2408 2463 2472 1832 1810 1747 1716 1700 1657 7.850411260000001
2410 2462 2460 1828 1811 1740 1721 1707 1655 8.086397161999997
2408 2466 2470 1819 1810 1748 1715 1712 1660 8.426405950000003
2406 2461 2470 1827 1784 1745 1712 1704 1655 8.786396979000003
2411 2457 2468 1816 1743 1763 1714 1676 1643 9.102409575000003
2396 2465 2474 1808 1750 1788 1713 1667 1664 9.335474449000003
2413 2462 2467 1821 1753 1801 1720 1672 1665 9.679473850999997
2405 2460 2466 1828 1783 1806 1719 1686 1666 9.927536983000003
