2415 2753 2814 1724 1734 1904 2634 2716 2478 7.300000000043383e-07
2532 2766 2808 1724 1735 1914 2576 2708 2503 0.17737607099999764
2475 2756 2816 1715 1741 1914 2586 2718 2484 0.5394052559999984
2478 2812 2803 1714 1733 1919 2598 2726 2488 0.7548083009999971
2540 2785 2820 1725 1731 1913 2582 2700 2529 0.9752387239999969
2480 2768 2799 1727 1737 1914 2591 2710 2523 1.2136540749999973
2457 2779 2808 1717 1733 1911 2601 2721 2504 1.6115349619999968
2510 2749 2824 1711 1735 1918 2598 2714 2522 1.8269635349999973
2483 2776 2823 1697 1735 1917 2575 2717 2498 2.188002633
2558 2756 2811 1698 1733 1918 2594 2725 2500 2.4333522359999975
2539 2789 2820 1707 1739 1909 2555 2714 2481 2.7758360579999994
2498 2755 2822 1707 1735 1920 2524 2723 2540 2.9888920699999986
2509 2754 2799 1707 1734 1912 2563 2718 2515 3.2274616779999974
2525 2760 2803 1704 1733 1914 2559 2708 2505 3.564294896
2486 2760 2816 1706 1741 1917 2569 2716 2501 3.803720390999999
2529 2772 2819 1696 1742 1911 2533 2724 2492 4.091913565999999
2534 2759 2799 1705 1738 1912 2560 2721 2515 4.401111886999999
2548 2789 2825 1700 1735 1918 2599 2693 2523 4.702319136
2573 2755 2826 1695 1739 1923 2602 2692 2471 4.9765668619999985
2427 2765 2824 1712 1734 1913 2597 2715 2481 5.180975389999997
2527 2768 2830 1713 1742 1912 2554 2713 2510 5.403430840999999
2474 2787 2814 1701 1734 1912 2558 2723 2505 5.644767584999997
2504 2764 2811 1702 1732 1916 2587 2712 2493 5.981837840999997
2541 2769 2819 1695 1738 1911 2580 2706 2473 6.220253191999998
2515 2790 2807 1691 1736 1914 2575 2711 2463 6.4765550099999984
2567 2779 2802 1702 1735 1912 2595 2741 2523 6.812641014999997
2494 2793 2829 1705 1733 1917 2577 2714 2510 7.2284962539999995
2519 2759 2811 1701 1739 1914 2575 2715 2503 7.420004849999998
2486 2767 2810 1715 1730 1913 2587 2711 2508 7.628439364999998
2509 2779 2833 1687 1741 1917 2602 2725 2526 8.002458987999997
2490 2771 2811 1690 1744 1913 2570 2723 2481 8.240791194
2501 2770 2802 1709 1734 1919 2604 2713 2432 8.492157895999998
2475 2795 2829 1715 1732 1918 2543 2716 2440 8.828264321999995
2543 2771 2803 1694 1734 1911 2589 2720 2508 9.067588072999996
2565 2757 2820 1701 1735 1918 2575 2717 2485 9.407715015999997
2555 2770 2809 1707 1736 1914 2594 2726 2503 9.645080473999997
2555 2754 2812 1707 1736 1910 2589 2713 2507 9.981179241999996
