2713 2769 2794 1938 1627 1939 2669 2649 2648 7.30000003557052e-07
2734 2776 2788 1931 1630 1944 2673 2670 2644 0.12302561700000325
2707 2776 2802 1924 1629 1933 2655 2679 2660 0.4525311020000018
2740 2753 2791 1927 1627 1936 2669 2663 2652 0.6750044220000007
2728 2766 2789 1930 1621 1938 2681 2660 2649 0.9910195699999989
2771 2755 2778 1927 1634 1935 2687 2670 2624 1.2190143990000024
2757 2785 2789 1929 1623 1935 2656 2666 2641 1.4957604980000028
2759 2786 2799 1935 1627 1932 2689 2663 2671 1.875073344999997
2735 2761 2788 1933 1626 1932 2691 2665 2651 2.051095021000002
2711 2791 2819 1930 1632 1936 2701 2673 2624 2.4190541489999973
2751 2795 2771 1932 1625 1947 2666 2658 2658 2.6551319479999975
2744 2764 2781 1930 1619 1934 2697 2661 2641 2.999089777000002
2745 2799 2775 1929 1627 1935 2678 2658 2650 3.231760075000004
2744 2793 2796 1936 1624 1945 2663 2658 2635 3.4557128719999994
2724 2786 2797 1930 1635 1937 2690 2657 2639 3.6796952070000017
2772 2781 2789 1928 1635 1937 2690 2658 2635 4.047749879000001
2702 2787 2792 1933 1632 1944 2694 2647 2626 4.271722367999999
2749 2769 2794 1929 1651 1936 2688 2659 2642 4.471742425000002
2751 2744 2799 1939 1647 1934 2693 2657 2663 4.843739937999999
2749 2763 2789 1944 1655 1939 2690 2659 2641 5.075731578999999
2751 2789 2803 1937 1644 1940 2684 2666 2645 5.419728429000003
2727 2773 2776 1929 1652 1941 2699 2682 2635 5.659709683999999
2741 2769 2798 1935 1651 1940 2673 2679 2640 5.879700311999997
2738 2761 2785 1936 1650 1938 2692 2658 2638 6.271718720999999
2738 2774 2797 1930 1649 1942 2684 2667 2632 6.4877245699999975
2731 2776 2799 1932 1651 1937 2642 2667 2646 6.707727597000002
2735 2786 2782 1938 1659 1942 2661 2679 2629 7.056003879999999
2717 2782 2785 1928 1651 1943 2675 2659 2635 7.395746093
2754 2772 2810 1938 1657 1934 2658 2674 2632 7.587711259999999
2766 2773 2804 1929 1650 1939 2701 2650 2635 7.931738012000004
2736 2740 2809 1932 1653 1940 2679 2670 2649 8.333338925
2747 2792 2792 1925 1651 1941 2676 2667 2658 8.499941470000003
2745 2799 2820 1935 1654 1941 2690 2669 2645 8.874628809
2735 2775 2794 1934 1657 1933 2675 2665 2641 9.114270554999997
2742 2776 2777 1937 1657 1940 2699 2670 2653 9.520177158000003
2739 2793 2801 1934 1654 1941 2707 2671 2645 9.757032803999998
2746 2772 2787 1930 1655 1942 2671 2682 2664 9.965061802999998
