2423 2465 2464 1828 1782 1823 1725 1730 1741 7.300000000043383e-07
2414 2458 2462 1829 1786 1830 1724 1724 1737 0.2837667770000003
2422 2471 2468 1824 1777 1825 1729 1728 1736 0.5291437310000013
2420 2456 2461 1835 1789 1828 1728 1714 1735 0.732548314999999
2417 2469 2464 1828 1776 1827 1725 1737 1738 1.1215596320000003
2427 2461 2473 1830 1776 1844 1729 1723 1737 1.4366868030000006
2420 2460 2458 1831 1785 1828 1727 1724 1733 1.659126208
2407 2477 2459 1826 1776 1817 1726 1735 1737 1.8995024039999997
2413 2467 2457 1832 1789 1828 1730 1728 1732 2.1079179560000014
2403 2463 2462 1826 1781 1829 1722 1723 1734 2.374205242000002
2413 2467 2466 1828 1776 1826 1730 1731 1745 2.736253754
2422 2454 2466 1836 1777 1833 1732 1724 1734 2.9466345270000005
2419 2467 2469 1824 1779 1832 1731 1728 1738 3.2767431810000005
2419 2468 2464 1834 1772 1829 1726 1728 1735 3.5200932840000014
2422 2467 2450 1829 1786 1821 1727 1729 1737 3.884129627
2419 2447 2466 1829 1779 1835 1728 1727 1729 4.223207406
2419 2467 2473 1836 1780 1830 1727 1724 1732 4.461580455
2412 2460 2455 1834 1791 1829 1727 1732 1733 4.803665689999999
2420 2465 2464 1830 1782 1836 1728 1725 1732 5.0440681430000005
2416 2466 2460 1831 1780 1827 1723 1729 1738 5.260493366000002
2419 2474 2449 1829 1782 1829 1727 1730 1733 5.500850599
2417 2451 2462 1837 1773 1837 1727 1726 1734 5.8698351859999995
2419 2460 2465 1826 1784 1821 1730 1730 1733 6.094278833000001
2411 2466 2466 1832 1780 1842 1719 1727 1730 6.331595425
2407 2463 2462 1833 1781 1822 1730 1724 1744 6.546052145000001
2425 2463 2468 1827 1778 1829 1728 1728 1737 6.944059209000002
2419 2468 2455 1837 1786 1833 1732 1736 1732 7.070675757
2411 2454 2473 1831 1772 1825 1727 1727 1735 7.275104342000002
2404 2456 2472 1832 1789 1826 1727 1728 1737 7.612153082999999
2416 2459 2465 1833 1770 1828 1728 1728 1731 7.8355760100000005
2413 2460 2460 1826 1772 1833 1730 1726 1733 8.225566109000003
2414 2455 2455 1821 1780 1824 1725 1738 1732 8.506795129
2417 2464 2471 1827 1782 1835 1728 1730 1736 8.784067815000004
2422 2452 2463 1829 1774 1834 1724 1725 1739 9.119179049
2415 2451 2456 1834 1778 1824 1724 1722 1736 9.451287568000001
2402 2460 2467 1829 1787 1821 1724 1727 1738 9.694638035
2404 2457 2476 1834 1775 1835 1725 1731 1732 9.883128236000001
