1331 1162 2805 1952 1732 1923 2621 2710 2574 7.290000070270253e-07
1300 1167 2805 1955 1740 1919 2601 2730 2595 0.34569148299999597
1319 1163 2801 1965 1733 1924 2599 2698 2565 0.5212321559999964
1356 1166 2799 1954 1733 1925 2633 2714 2592 0.8872442960000058
1338 1168 2788 1958 1732 1919 2613 2712 2587 1.2562445639999993
1366 1169 2806 1955 1732 1920 2617 2706 2606 1.464664127000006
1365 1166 2793 1957 1730 1916 2612 2728 2567 1.6881045589999957
1362 1163 2789 1955 1734 1923 2564 2705 2573 1.9274283099999963
1372 1169 2791 1958 1732 1917 2630 2713 2588 2.1997392589999976
1376 1169 2811 1958 1741 1923 2611 2705 2566 2.447073775000007
1377 1171 2792 1958 1729 1920 2629 2722 2608 2.727312343999998
1372 1170 2798 1945 1735 1922 2582 2706 2576 2.9716879059999997
1396 1163 2806 1959 1732 1919 2627 2715 2578 3.3038048119999956
1410 1165 2818 1957 1734 1914 2653 2729 2579 3.5461072100000024
1428 1167 2818 1955 1733 1917 2618 2701 2559 3.9121707689999994
1424 1162 2795 1954 1735 1925 2618 2732 2587 4.104638453999996
1444 1160 2792 1964 1735 1922 2627 2725 2582 4.5235281350000065
1422 1159 2823 1955 1733 1921 2612 2700 2582 4.711016943999994
1412 1150 2823 1959 1729 1921 2627 2704 2621 4.951382199999998
1429 1155 2829 1955 1732 1916 2618 2698 2589 5.323379349000007
1371 1152 2790 1953 1732 1921 2607 2712 2574 5.526623111999996
1389 1148 2799 1953 1736 1923 2632 2722 2573 5.900852787000005
1389 1155 2807 1953 1732 1927 2631 2712 2596 6.151118542000006
1432 1151 2796 1953 1736 1918 2617 2708 2583 6.327674463999998
1440 1153 2800 1957 1734 1923 2619 2724 2595 6.7286335529999945
1425 1155 2808 1955 1735 1919 2605 2708 2619 6.903134543999997
1443 1157 2802 1952 1729 1922 2626 2720 2601 7.275132420999995
1427 1156 2816 1954 1726 1917 2634 2710 2583 7.498530185999996
1448 1161 2829 1951 1732 1918 2611 2713 2600 7.705972427000006
1407 1159 2799 1955 1735 1914 2631 2729 2616 8.040080810999996
1408 1149 2774 1954 1736 1923 2631 2723 2588 8.440197870999995
1406 1149 2791 1959 1734 1922 2631 2717 2603 8.652439568999995
1395 1155 2808 1957 1732 1923 2591 2706 2530 8.840965507000007
1386 1144 2805 1948 1729 1925 2575 2725 2564 9.110223415999997
1401 1148 2806 1962 1731 1921 2657 2713 2597 9.451329141000002
1371 1150 2793 1964 1728 1918 2632 2731 2598 9.687695395999995
1377 1143 2802 1959 1729 1920 2594 2710 2584 9.912145605999996
