2758 2780 2784 1936 1664 1933 2712 2663 2644 1.094000001700124e-06
2753 2762 2776 1929 1654 1929 2673 2669 2642 0.10944119400000218
2754 2739 2761 1944 1659 1929 2669 2658 2648 0.32946427799999967
2752 2781 2771 1935 1658 1931 2688 2653 2649 0.5374316470000018
2760 2778 2797 1945 1659 1929 2661 2664 2643 0.8774528339999996
2745 2795 2777 1941 1653 1935 2663 2655 2649 1.2375069520000004
2717 2775 2766 1941 1657 1929 2693 2662 2639 1.4498296070000016
2763 2755 2777 1934 1654 1934 2698 2655 2638 1.7054706380000013
2757 2759 2778 1937 1648 1937 2678 2657 2658 2.0374781430000013
2747 2774 2758 1942 1649 1935 2711 2648 2658 2.249811738000002
2755 2751 2775 1934 1649 1931 2674 2664 2636 2.4855638850000012
2765 2760 2770 1946 1640 1932 2685 2684 2654 2.825439568
2733 2775 2769 1940 1648 1934 2696 2668 2644 3.081470434
2741 2784 2765 1944 1658 1935 2682 2676 2631 3.413436365999999
2732 2797 2786 1936 1654 1934 2696 2660 2657 3.625489893000001
2754 2784 2776 1941 1649 1936 2673 2674 2652 3.861478347000002
2738 2792 2769 1936 1658 1937 2679 2649 2637 4.202376572000002
2736 2777 2799 1934 1659 1935 2680 2678 2651 4.4304188090000025
2742 2756 2785 1931 1656 1940 2686 2642 2645 4.788510622000004
2724 2813 2801 1936 1660 1932 2647 2646 2645 5.030399846000002
2749 2789 2778 1938 1659 1931 2658 2655 2653 5.370360861999998
2751 2769 2768 1932 1639 1925 2670 2672 2634 5.582395425999998
2744 2787 2792 1945 1652 1931 2691 2677 2642 5.946364305000003
2754 2774 2769 1946 1658 1931 2694 2669 2650 6.166379001000003
2725 2749 2792 1937 1658 1929 2690 2667 2645 6.502365449999999
2743 2759 2789 1942 1659 1929 2662 2660 2636 6.746398583999998
2735 2796 2768 1949 1657 1933 2691 2672 2654 7.078402441999998
2753 2792 2778 1941 1659 1929 2677 2662 2650 7.290392515999997
2765 2773 2759 1944 1654 1926 2694 2667 2624 7.654433234999999
2766 2779 2773 1946 1658 1929 2685 2665 2624 7.882449579999999
2753 2760 2782 1942 1654 1929 2654 2664 2634 8.214363364
2758 2784 2758 1934 1656 1929 2689 2666 2655 8.486387315999998
2724 2769 2781 1947 1663 1929 2640 2660 2628 8.826403032999998
2765 2742 2795 1941 1647 1934 2696 2672 2648 9.158379176000004
2763 2775 2789 1936 1633 1936 2695 2676 2654 9.411503601
2730 2787 2802 1941 1642 1933 2689 2663 2639 9.591477599000001
2731 2782 2786 1937 1635 1933 2663 2674 2652 9.979456163999998
