2719 1245 2787 1920 1734 1916 2693 2663 2661 7.30000003557052e-07
2725 1252 2792 1925 1730 1926 2677 2667 2667 0.12159281800000343
2725 1270 2802 1922 1732 1930 2672 2662 2638 0.34315591400000045
2715 1275 2769 1925 1731 1927 2664 2675 2658 0.7072123149999996
2755 1284 2807 1921 1728 1926 2685 2659 2668 0.9182786719999996
2699 1283 2798 1917 1731 1922 2659 2671 2654 1.2511446170000013
2714 1276 2804 1925 1729 1923 2689 2672 2646 1.4952109359999994
2713 1263 2790 1916 1735 1922 2715 2676 2644 1.8240669400000016
2728 1243 2794 1926 1730 1926 2674 2671 2651 2.079191958999999
2723 1240 2793 1927 1729 1922 2670 2665 2659 2.383190048000003
2732 1235 2785 1918 1730 1924 2669 2644 2651 2.6231829729999987
2725 1220 2787 1923 1729 1920 2690 2670 2659 2.967170705000001
2724 1214 2802 1920 1731 1930 2693 2658 2643 3.1791925059999997
2740 1206 2782 1920 1734 1928 2658 2657 2666 3.5392619389999993
2712 1214 2807 1921 1734 1923 2654 2668 2650 3.7591603050000018
2709 1216 2794 1921 1733 1931 2709 2657 2655 4.067142808
2711 1217 2784 1916 1731 1929 2686 2656 2641 4.3351728640000005
2719 1223 2787 1921 1733 1922 2694 2654 2635 4.575193869000003
2745 1230 2803 1918 1729 1924 2657 2666 2624 4.915196823000002
2737 1245 2793 1916 1732 1921 2668 2663 2644 5.280707174
2728 1242 2769 1922 1730 1925 2684 2662 2657 5.504758432000003
2711 1245 2779 1929 1731 1927 2690 2660 2652 5.844750810000001
2721 1251 2805 1925 1732 1923 2683 2661 2650 6.112747681000002
2702 1245 2786 1926 1728 1924 2665 2656 2668 6.420738937000003
2734 1243 2786 1923 1722 1928 2675 2672 2642 6.652743342000001
2748 1246 2796 1928 1728 1923 2690 2658 2652 6.99672451
2727 1239 2796 1922 1732 1920 2705 2665 2651 7.216734101
2727 1235 2797 1921 1732 1932 2659 2646 2657 7.496714117000003
2709 1234 2789 1925 1729 1925 2690 2655 2646 7.792729520999998
2748 1240 2801 1922 1724 1920 2684 2661 2646 8.124768388
2710 1241 2794 1921 1730 1929 2677 2676 2652 8.467796301
2729 1247 2787 1920 1732 1926 2674 2661 2655 8.739660162
2719 1252 2826 1922 1729 1925 2659 2668 2673 9.068784563999998
2738 1247 2764 1925 1729 1924 2658 2665 2643 9.320733284
2728 1238 2792 1917 1728 1924 2694 2678 2657 9.536747886
2727 1244 2775 1922 1734 1924 2677 2671 2668 9.776790406000003
