2733 2774 2653 1954 1728 1929 2598 2699 2506 7.289999999215979e-07
2743 2769 2649 1952 1734 1924 2644 2700 2516 0.11246360100000174
2715 2746 2672 1959 1734 1926 2620 2719 2530 0.3847417300000018
2706 2745 2656 1956 1734 1923 2609 2721 2535 0.6101349840000019
2719 2740 2678 1954 1726 1917 2594 2708 2541 0.9895127430000024
2709 2759 2662 1956 1735 1924 2629 2728 2541 1.2135155000000033
2716 2781 2656 1958 1729 1918 2621 2729 2551 1.4608470980000021
2682 2766 2678 1958 1739 1922 2613 2720 2559 1.6503120690000017
2711 2751 2665 1958 1730 1925 2633 2723 2576 2.0273307600000017
2723 2741 2662 1956 1725 1914 2628 2699 2547 2.3155509200000033
2696 2742 2654 1957 1737 1918 2645 2704 2573 2.5878443650000023
2722 2736 2671 1953 1733 1917 2654 2715 2523 2.8630872830000023
2722 2756 2640 1954 1732 1922 2612 2706 2550 3.164328082000001
2724 2733 2662 1959 1729 1919 2634 2706 2503 3.4993860740000002
2695 2732 2680 1953 1727 1918 2591 2712 2556 3.772666323000003
2714 2737 2686 1953 1731 1923 2581 2722 2555 4.076874463000003
2704 2742 2662 1948 1729 1928 2600 2718 2550 4.299267555
2716 2742 2640 1949 1734 1926 2605 2725 2563 4.550494952000001
2732 2742 2664 1961 1730 1921 2653 2725 2529 4.812893733000003
2724 2758 2671 1953 1730 1917 2629 2707 2572 5.009403815000002
2727 2749 2654 1959 1741 1922 2636 2703 2575 5.244795665000002
2721 2768 2676 1952 1734 1926 2656 2726 2562 5.612760992000002
2719 2757 2663 1961 1729 1923 2636 2734 2566 5.821174356
2699 2753 2680 1960 1720 1922 2638 2729 2506 6.043582034
2705 2737 2664 1961 1730 1925 2627 2706 2547 6.284978220000003
2684 2737 2682 1957 1745 1918 2631 2705 2582 6.524332968000003
2720 2736 2653 1956 1732 1915 2614 2698 2569 6.747704112000001
2714 2746 2673 1953 1732 1917 2617 2721 2538 7.0847995300000015
2693 2750 2677 1950 1729 1926 2603 2711 2566 7.327163558000002
2729 2744 2662 1953 1727 1926 2610 2728 2535 7.694180006000003
2731 2731 2669 1955 1732 1921 2610 2710 2495 7.899627487000004
2709 2732 2689 1948 1728 1913 2611 2684 2556 8.124034301000002
2742 2739 2671 1958 1734 1917 2609 2721 2567 8.460128693000001
2706 2735 2684 1951 1732 1922 2595 2707 2529 8.70045967
2727 2760 2678 1956 1735 1922 2619 2709 2555 8.940847536
2701 2745 2671 1952 1729 1919 2636 2708 2566 9.164274839
2719 2751 2659 1956 1734 1918 2651 2701 2564 9.500390747000004
2679 2746 2666 1960 1743 1924 2576 2709 2548 9.837445686999999
