2769 2774 2819 1960 1662 1941 2657 2698 2541 7.300000000043383e-07
2755 2757 2798 1960 1655 1942 2616 2726 2541 0.1119308150000009
2772 2771 2806 1953 1658 1954 2616 2731 2555 0.2735085350000013
2737 2765 2837 1964 1665 1947 2639 2719 2484 0.5108958739999991
2769 2774 2811 1961 1661 1946 2627 2729 2527 0.8798738969999995
2738 2748 2827 1963 1663 1940 2603 2719 2527 1.2200241779999992
2781 2750 2799 1958 1662 1946 2630 2707 2554 1.5561028889999982
2760 2770 2799 1969 1663 1945 2611 2715 2557 1.8113931050000005
2726 2779 2790 1963 1658 1941 2628 2717 2500 1.9839719060000007
2777 2774 2822 1957 1658 1934 2640 2708 2517 2.353971012999999
2751 2760 2809 1959 1659 1948 2624 2720 2536 2.624284649
2756 2772 2799 1954 1665 1943 2647 2733 2571 2.8067934880000003
2752 2775 2809 1959 1663 1946 2594 2699 2554 3.023170573999998
2742 2786 2815 1962 1666 1944 2640 2715 2533 3.4031883339999993
2786 2752 2822 1961 1661 1946 2640 2710 2550 3.6335181620000014
2766 2759 2815 1959 1661 1945 2620 2723 2522 3.874266688999999
2775 2772 2799 1961 1669 1943 2585 2720 2549 4.111235018999999
2747 2780 2827 1965 1664 1939 2604 2689 2533 4.479245930000001
2782 2773 2808 1956 1665 1948 2622 2695 2483 4.671778527000001
2768 2766 2812 1965 1659 1946 2600 2715 2578 5.046795894999999
2766 2764 2834 1958 1657 1947 2637 2703 2563 5.279143821999998
2778 2790 2828 1961 1662 1946 2625 2703 2516 5.520491142000001
2770 2745 2827 1952 1657 1954 2617 2695 2533 5.857602606
2760 2830 2826 1959 1661 1940 2649 2705 2527 6.111926074000003
2749 2769 2823 1958 1663 1947 2625 2701 2510 6.356245840999996
2766 2753 2808 1962 1662 1957 2632 2714 2558 6.688355088999998
2770 2765 2811 1961 1667 1944 2606 2720 2509 6.928736755999999
2765 2784 2832 1965 1661 1948 2632 2695 2489 7.269825339999997
2739 2789 2805 1962 1658 1941 2608 2706 2500 7.489216446
2769 2774 2819 1968 1662 1954 2602 2715 2472 7.670753067999996
2741 2754 2829 1954 1665 1948 2648 2731 2512 7.973918609000002
2747 2772 2815 1961 1659 1944 2617 2711 2555 8.272150128999996
2787 2769 2835 1966 1659 1939 2596 2712 2503 8.640132594999997
2769 2786 2816 1956 1660 1950 2613 2723 2562 8.863560262999997
2752 2770 2823 1965 1663 1946 2586 2706 2540 9.198692283999996
2763 2804 2811 1956 1660 1949 2649 2715 2525 9.444990036
2750 2746 2810 1959 1661 1941 2612 2724 2535 9.778128754999997
2743 2786 2818 1961 1665 1950 2637 2706 2541 10.020473090000003
