1062 1009 2375 1819 1787 1788 1782 1772 1773 7.30000003557052e-07
1088 1014 2361 1821 1782 1786 1778 1778 1772 0.12159281800000343
1128 1024 2360 1821 1793 1785 1779 1778 1775 0.30322862999999955
1223 1039 2377 1828 1788 1788 1777 1779 1770 0.6471496269999975
1234 1045 2386 1824 1784 1788 1776 1778 1768 0.8791667959999998
1279 1051 2384 1823 1790 1785 1779 1782 1769 1.2191905359999993
1261 1040 2366 1821 1788 1791 1781 1776 1768 1.455150181999997
1187 1030 2341 1824 1788 1790 1780 1781 1770 1.7952147649999972
1108 1020 2342 1821 1783 1789 1777 1776 1770 2.0191905360000035
1091 1007 2357 1821 1777 1795 1779 1777 1769 2.2551753440000013
1051 1003 2355 1818 1781 1787 1779 1779 1774 2.479206910000002
1047 996 2390 1821 1785 1794 1781 1776 1770 2.828022179999998
1021 990 2389 1815 1784 1791 1780 1778 1772 3.055195765999997
1016 989 2392 1828 1785 1794 1777 1775 1775 3.3951677220000036
1023 989 2374 1821 1780 1789 1779 1778 1769 3.6312003020000034
1016 988 2372 1823 1780 1791 1780 1779 1775 3.8551932129999997
1025 991 2383 1826 1782 1788 1779 1777 1773 4.207174205999998
1063 993 2361 1815 1779 1790 1777 1777 1769 4.431179516
1081 1004 2327 1823 1791 1797 1781 1778 1772 4.699183679999997
1133 1005 2297 1817 1776 1791 1779 1779 1770 5.0071774880000035
1155 1006 2240 1825 1781 1797 1778 1779 1768 5.2472105279999965
1154 1007 2256 1820 1783 1793 1778 1780 1771 5.469223266
1186 1008 2303 1823 1781 1793 1780 1781 1771 5.710035245999997
1174 1013 2201 1821 1788 1792 1783 1777 1766 6.048753458
1184 1007 2301 1818 1784 1792 1785 1780 1770 6.292740643000002
1150 1014 2317 1826 1785 1791 1778 1782 1769 6.512746223000001
1113 1008 2335 1820 1790 1798 1775 1777 1768 6.748752910999997
1101 1008 2369 1827 1791 1793 1777 1781 1772 7.088760604999997
1067 1006 2379 1821 1780 1792 1783 1779 1774 7.420736019000003
1045 1008 2394 1825 1782 1794 1783 1778 1771 7.666086716000002
1047 1006 2376 1819 1777 1789 1780 1782 1768 7.996751861
1047 1007 2379 1821 1789 1794 1780 1780 1772 8.227834008999999
1059 1008 2369 1820 1787 1790 1778 1776 1769 8.592737907999997
1056 1008 2368 1823 1787 1794 1777 1774 1766 8.828788357
1055 1011 2390 1826 1785 1793 1781 1777 1772 9.168773807
1059 1010 2382 1825 1786 1795 1778 1778 1773 9.404769919000003
1061 1014 2369 1822 1789 1797 1778 1779 1768 9.644747164000002
1066 1006 2364 1821 1780 1786 1778 1779 1771 9.972779007
