2229 2772 2793 1929 1733 1912 2691 2668 2615 1.0939999981474102e-06
2364 2782 2787 1928 1738 1920 2680 2666 2624 0.10154165399999826
2524 2786 2799 1931 1741 1910 2663 2661 2642 0.4135096649999994
2697 2762 2801 1929 1735 1915 2681 2653 2638 0.6021694379999971
2642 2769 2782 1934 1734 1915 2701 2669 2642 0.849546256
2573 2791 2778 1925 1731 1916 2690 2665 2639 1.237512057
2545 2783 2784 1936 1736 1917 2683 2670 2663 1.485506994999998
2480 2778 2784 1939 1740 1921 2691 2676 2622 1.7495322159999986
2596 2781 2798 1935 1732 1917 2674 2672 2636 2.077490394999998
2614 2753 2781 1934 1736 1918 2686 2655 2624 2.3187516519999996
2678 2762 2789 1930 1732 1913 2683 2655 2636 2.5655526519999974
2566 2806 2779 1924 1731 1914 2654 2682 2650 2.8015334489999972
2585 2785 2789 1931 1740 1916 2693 2671 2637 3.1655307720000003
2548 2774 2766 1932 1737 1915 2689 2660 2653 3.417544767999999
2415 2762 2781 1929 1740 1910 2699 2665 2649 3.7255053909999987
2206 2766 2770 1932 1731 1920 2673 2654 2640 3.947757354
2364 2792 2798 1932 1741 1914 2681 2659 2636 4.300371783999999
2312 2781 2786 1927 1729 1916 2696 2657 2630 4.540353404000001
2329 2787 2771 1930 1733 1910 2688 2643 2664 4.912389937
2358 2801 2772 1928 1730 1918 2692 2654 2640 5.1101851259999975
2424 2760 2794 1931 1734 1915 2690 2669 2636 5.358178969999997
2360 2759 2774 1932 1736 1910 2691 2656 2642 5.750172581000001
2581 2783 2774 1934 1742 1921 2679 2669 2639 5.926209573999998
2459 2777 2786 1934 1739 1912 2675 2663 2633 6.174141423999998
2357 2771 2780 1937 1737 1912 2684 2665 2665 6.5581691239999955
2487 2771 2800 1938 1737 1920 2684 2650 2652 6.7501441369999995
2420 2753 2783 1929 1737 1922 2681 2659 2636 7.122163164999996
2057 2775 2785 1935 1736 1921 2672 2666 2621 7.326168000999999
2089 2743 2794 1926 1732 1919 2702 2669 2631 7.562160102
2286 2771 2786 1935 1737 1911 2683 2672 2642 7.894515139999996
2311 2791 2786 1935 1733 1912 2715 2661 2631 8.130149861999996
2237 2766 2790 1931 1737 1915 2673 2658 2644 8.374177161999995
2355 2758 2800 1933 1741 1918 2686 2672 2639 8.590541119999997
1990 2770 2783 1930 1736 1916 2675 2669 2629 8.978196583999996
1994 2759 2781 1936 1732 1913 2690 2669 2636 9.169821145999997
1938 2794 2790 1929 1735 1921 2692 2662 2645 9.510140270999997
1964 2781 2796 1936 1736 1908 2675 2661 2654 9.710173820999998
