2419 2471 2472 1844 1815 1813 1748 1712 1728 7.300000000043383e-07
2423 2459 2476 1844 1823 1807 1745 1716 1728 0.1119308150000009
2414 2458 2454 1850 1818 1824 1747 1713 1732 0.36926830299999835
2427 2473 2462 1847 1818 1815 1744 1715 1728 0.6076508340000011
2421 2464 2463 1846 1813 1821 1747 1712 1730 0.9437350150000015
2418 2470 2461 1841 1824 1808 1747 1712 1728 1.1531479460000007
2419 2465 2471 1850 1823 1813 1748 1713 1726 1.4892485379999982
2406 2458 2458 1842 1815 1813 1747 1711 1727 1.7276372679999987
2418 2468 2470 1841 1811 1807 1749 1712 1731 2.073732078999999
2424 2458 2473 1847 1829 1816 1745 1719 1728 2.3200564519999993
2426 2464 2448 1845 1824 1807 1747 1717 1728 2.5603888869999984
2417 2465 2466 1841 1825 1813 1744 1717 1729 2.868566855000001
2407 2469 2474 1841 1830 1811 1743 1713 1731 3.136863852000001
2416 2472 2465 1845 1816 1820 1746 1714 1728 3.503890876
2417 2467 2459 1842 1823 1807 1748 1714 1729 3.728234236999999
2419 2463 2468 1841 1822 1820 1745 1715 1724 4.000584205999999
2418 2458 2478 1843 1829 1818 1748 1714 1729 4.208012588999999
2418 2461 2465 1847 1811 1812 1751 1714 1730 4.463333072000001
2417 2463 2464 1844 1826 1813 1743 1712 1726 4.784463119999998
2428 2457 2471 1844 1817 1820 1747 1712 1721 5.151489415
2426 2465 2464 1848 1813 1813 1747 1712 1728 5.488562588000001
2419 2462 2464 1845 1827 1806 1747 1713 1725 5.710986677000001
2423 2458 2472 1844 1819 1818 1746 1712 1724 6.048063132999999
2412 2460 2463 1847 1815 1817 1748 1715 1727 6.313364708000002
2423 2486 2470 1848 1820 1813 1747 1715 1728 6.655443013999999
2413 2468 2461 1847 1826 1811 1745 1708 1731 6.868901624000003
2419 2461 2473 1847 1822 1814 1747 1714 1727 7.055400712000001
2422 2447 2468 1840 1815 1815 1748 1712 1730 7.230920597999997
2422 2466 2471 1843 1814 1821 1745 1716 1729 7.570995027999999
2420 2462 2463 1840 1820 1815 1745 1717 1731 7.905134773999997
2423 2460 2470 1848 1824 1813 1744 1716 1727 8.068676986
2420 2466 2465 1847 1823 1829 1744 1714 1732 8.399775362
2417 2466 2466 1845 1821 1821 1745 1709 1729 8.679066876
2414 2458 2464 1841 1823 1817 1745 1712 1730 8.913435454000002
2409 2462 2470 1848 1815 1821 1745 1713 1726 9.247506641999998
2419 2463 2466 1841 1828 1818 1746 1716 1726 9.504820791
2418 2461 2453 1850 1824 1810 1746 1717 1731 9.843000017000001
