2424 2453 2453 1853 1809 1798 1757 1743 1790 1.0940000052528376e-06
2419 2455 2469 1852 1808 1793 1762 1749 1793 0.1278600820000051
2419 2460 2456 1852 1802 1798 1755 1744 1792 0.28144235300000275
2421 2466 2466 1855 1807 1794 1760 1744 1792 0.6195905820000007
2423 2461 2458 1854 1812 1801 1754 1743 1788 0.8240228140000028
2412 2462 2466 1852 1807 1797 1758 1743 1788 1.0982814800000043
2420 2467 2464 1852 1809 1793 1757 1742 1793 1.4104580840000054
2411 2471 2456 1851 1799 1798 1761 1744 1791 1.655815344000004
2419 2456 2455 1852 1809 1798 1757 1750 1792 1.8961671080000002
2413 2465 2456 1852 1810 1793 1756 1738 1789 2.199369481000005
2428 2470 2451 1853 1802 1797 1759 1746 1790 2.537460091
2424 2465 2459 1859 1802 1799 1759 1745 1790 2.7790604940000065
2408 2469 2464 1849 1806 1797 1759 1740 1791 3.1187574870000034
2419 2456 2451 1858 1806 1796 1752 1744 1786 3.3352917470000065
2409 2452 2444 1852 1806 1794 1756 1744 1794 3.575693106000003
2412 2463 2456 1853 1802 1796 1757 1740 1789 3.911782393000003
2411 2461 2451 1851 1810 1799 1758 1746 1789 4.280755675000002
2415 2464 2457 1852 1808 1797 1761 1747 1793 4.500172308000003
2417 2463 2456 1856 1808 1796 1762 1746 1788 4.855244632000002
2419 2466 2454 1852 1801 1801 1757 1754 1790 5.0796565510000065
2419 2469 2462 1855 1805 1797 1756 1743 1788 5.322018390000004
2415 2457 2461 1853 1799 1795 1758 1747 1789 5.656071709000003
2417 2447 2466 1854 1805 1804 1758 1744 1789 5.872532670000005
2424 2467 2444 1845 1798 1800 1755 1745 1793 6.232563813000006
2420 2455 2462 1850 1807 1801 1757 1749 1791 6.455966319000005
2416 2468 2455 1849 1799 1799 1759 1739 1790 6.702330076000003
2417 2468 2448 1853 1813 1797 1757 1745 1792 7.032450400000002
2407 2465 2456 1857 1802 1801 1760 1745 1788 7.2737320790000055
2417 2472 2461 1850 1807 1797 1756 1741 1791 7.607864531000004
2408 2457 2448 1854 1807 1801 1759 1746 1791 7.833292065000002
2410 2466 2463 1854 1807 1801 1754 1749 1795 8.071594003000001
2407 2459 2464 1856 1813 1799 1755 1746 1793 8.312015418000001
2411 2466 2460 1845 1806 1800 1753 1745 1791 8.535425582000002
2413 2459 2462 1847 1805 1800 1758 1744 1791 8.777761530000006
2409 2463 2442 1853 1809 1808 1756 1742 1790 9.019106297
2420 2462 2458 1859 1809 1795 1757 1744 1791 9.351256024000001
2419 2467 2448 1848 1811 1802 1760 1742 1791 9.575628924
2429 2461 2455 1856 1800 1799 1754 1739 1791 9.913705676000006
