2787 2746 2790 1948 1697 1944 2594 2703 2591 1.0939999981474102e-06
2742 2808 2815 1956 1691 1943 2617 2695 2569 0.1186845529999978
2768 2774 2788 1955 1697 1942 2622 2694 2605 0.28024586299999754
2747 2771 2799 1966 1691 1947 2617 2718 2586 0.42185775199999753
2767 2774 2784 1955 1698 1941 2584 2731 2603 0.758940771999999
2766 2773 2781 1954 1697 1940 2586 2721 2606 1.0169521750000001
2750 2775 2793 1953 1693 1942 2608 2716 2582 1.255702295999999
2752 2805 2813 1948 1695 1952 2631 2742 2596 1.5904357289999993
2781 2777 2815 1955 1689 1944 2587 2739 2605 1.83113612
2750 2776 2792 1953 1684 1943 2575 2699 2602 2.1691468669999985
2743 2799 2799 1954 1695 1947 2616 2701 2595 2.3935755609999987
2751 2773 2786 1960 1690 1943 2633 2731 2595 2.6299720849999986
2740 2746 2782 1950 1698 1950 2629 2707 2612 2.9680681649999983
2772 2768 2800 1952 1698 1946 2611 2695 2613 3.207428383
2758 2765 2799 1951 1690 1949 2605 2715 2630 3.477706646999998
2762 2764 2791 1958 1692 1948 2609 2710 2555 3.7031039119999996
2788 2780 2826 1957 1696 1951 2618 2718 2600 3.9524105779999985
2780 2779 2786 1953 1692 1947 2594 2702 2582 4.14985167
2748 2752 2813 1953 1701 1940 2626 2720 2594 4.374316101999998
2759 2774 2799 1955 1700 1949 2625 2724 2575 4.716404618999999
2756 2778 2805 1959 1699 1945 2617 2704 2605 4.951755626000001
2750 2776 2786 1950 1686 1944 2602 2713 2590 5.297824180999999
2759 2767 2806 1955 1699 1947 2625 2720 2588 5.654881053
2773 2771 2808 1955 1697 1949 2628 2691 2578 6.022898163999997
2747 2767 2798 1956 1695 1951 2654 2700 2604 6.199418712
2758 2785 2804 1957 1687 1948 2575 2716 2586 6.454728619999997
2783 2766 2799 1954 1700 1940 2617 2721 2615 6.70007567
2763 2789 2818 1951 1699 1944 2647 2702 2572 6.999315145000001
2754 2772 2808 1958 1704 1950 2623 2716 2614 7.240648242999999
2773 2759 2796 1955 1690 1947 2593 2707 2597 7.575503476999998
2774 2785 2822 1953 1698 1948 2607 2727 2591 7.7992385639999995
2767 2777 2818 1954 1699 1943 2613 2712 2577 8.169155618999998
2740 2762 2800 1949 1687 1943 2634 2721 2594 8.40650102
2755 2783 2801 1954 1695 1942 2638 2724 2590 8.615939844
2753 2798 2804 1956 1689 1947 2603 2736 2592 8.875270997999998
2753 2782 2790 1954 1691 1941 2627 2713 2572 9.117610957
2772 2775 2808 1949 1688 1947 2622 2712 2623 9.406838706999999
2736 2759 2796 1957 1694 1942 2622 2708 2593 9.654212607999998
2785 2782 2820 1954 1691 1951 2619 2709 2602 9.917457794
