2395 2475 2453 1862 1768 1780 1737 1710 1693 1.0940000052528376e-06
2395 2463 2451 1867 1776 1793 1736 1711 1689 0.2373804100000001
2406 2473 2462 1862 1776 1794 1731 1715 1697 0.4212086349999993
2397 2467 2461 1858 1771 1787 1734 1715 1694 0.8091977750000012
2391 2453 2460 1860 1771 1789 1732 1713 1696 1.0371772880000023
2399 2466 2465 1859 1768 1789 1728 1711 1694 1.2851835310000013
2392 2455 2462 1863 1779 1789 1734 1714 1695 1.6101295140000005
2388 2460 2453 1869 1781 1795 1737 1712 1699 1.8451731010000003
2395 2473 2463 1865 1776 1787 1734 1711 1697 2.0812115160000033
2403 2461 2457 1868 1766 1797 1734 1709 1695 2.2811619200000024
2397 2462 2450 1864 1771 1792 1729 1715 1701 2.516937406000004
2396 2460 2466 1870 1777 1794 1735 1712 1698 2.7729321690000006
2386 2459 2469 1868 1776 1789 1734 1714 1698 3.1129059490000017
2398 2464 2456 1866 1772 1792 1731 1706 1699 3.4452919840000007
2401 2461 2451 1863 1770 1786 1737 1699 1698 3.6648854840000027
2397 2448 2459 1860 1773 1794 1735 1709 1698 4.056868884000004
2402 2470 2468 1859 1767 1788 1735 1713 1686 4.364940367000003
2399 2453 2471 1858 1763 1789 1732 1708 1690 4.596912316000001
2399 2468 2465 1864 1776 1793 1734 1712 1696 4.836875339000002
2382 2460 2456 1869 1776 1797 1737 1711 1693 5.096893536000003
2398 2450 2469 1852 1774 1787 1731 1708 1695 5.312874587000003
2404 2464 2457 1866 1775 1787 1734 1709 1698 5.648900056000002
2404 2470 2449 1857 1775 1791 1734 1708 1692 5.892914226999999
2406 2464 2466 1860 1775 1786 1735 1709 1691 6.240906430999999
2395 2465 2464 1862 1774 1801 1737 1709 1695 6.472896614
2391 2463 2453 1865 1775 1785 1736 1715 1694 6.852930783000005
2382 2453 2461 1866 1778 1786 1734 1710 1693 7.044903973000004
2401 2456 2440 1859 1777 1788 1736 1714 1694 7.307291812999999
2399 2457 2453 1856 1766 1790 1736 1709 1691 7.511292271999999
2405 2461 2456 1859 1774 1784 1735 1708 1690 7.845176018000004
2399 2468 2456 1865 1775 1786 1730 1709 1691 8.061187338000003
2399 2460 2461 1862 1763 1791 1736 1709 1692 8.329124767000003
2400 2467 2454 1865 1766 1788 1736 1715 1691 8.583362902000005
2398 2459 2463 1857 1766 1788 1736 1712 1695 8.791381326
2386 2466 2462 1864 1774 1789 1733 1711 1698 9.127342612
2398 2458 2451 1869 1774 1790 1735 1711 1692 9.495460006999998
2400 2463 2464 1868 1772 1792 1735 1714 1693 9.835348453999998
2408 2451 2456 1864 1770 1792 1735 1709 1696 10.039376264000005
