2755 2770 2792 1947 1577 1897 2675 2669 2626 1.4579999998431958e-06
2749 2764 2806 1949 1590 1900 2667 2655 2630 0.1383604679999948
2770 2786 2797 1942 1622 1900 2659 2661 2621 0.27030889599999597
2756 2772 2791 1947 1583 1897 2676 2664 2625 0.598334174999998
2717 2768 2809 1946 1696 1897 2683 2646 2636 0.8463502639999945
2748 2786 2800 1948 1705 1901 2660 2665 2614 1.1383356699999965
2760 2769 2798 1950 1677 1897 2650 2669 2628 1.3663859289999962
2725 2782 2788 1947 1620 1907 2666 2660 2649 1.7023468509999944
2753 2799 2800 1948 1575 1898 2689 2680 2608 2.0343299229999943
2748 2767 2786 1955 1577 1898 2690 2658 2629 2.3423572799999945
2767 2781 2806 1945 1611 1899 2681 2663 2632 2.5143489579999994
2738 2772 2789 1948 1639 1901 2686 2664 2620 2.7343745949999985
2790 2756 2817 1951 1637 1898 2651 2662 2632 3.142358373999997
2735 2781 2793 1945 1642 1897 2688 2662 2624 3.362384010999996
2732 2769 2788 1949 1628 1901 2684 2675 2612 3.5864104709999935
2736 2784 2802 1954 1614 1902 2679 2673 2633 3.918362180999999
2751 2785 2790 1941 1575 1898 2656 2672 2635 4.170376906999998
2764 2769 2802 1946 1559 1899 2666 2659 2623 4.555122647999994
2729 2787 2791 1949 1566 1901 2684 2668 2633 4.753912663999998
2761 2782 2800 1943 1558 1895 2673 2663 2634 5.040295967999995
2773 2772 2783 1948 1573 1895 2667 2650 2623 5.202370736999995
2738 2774 2790 1945 1546 1893 2695 2667 2627 5.656770421999994
2765 2757 2780 1941 1560 1900 2678 2664 2640 5.794412119999997
2746 2775 2800 1942 1560 1900 2666 2650 2625 5.998394345999998
2741 2790 2801 1950 1565 1895 2694 2676 2597 6.478380195999996
2745 2799 2774 1942 1565 1901 2696 2672 2613 6.710389706999997
2745 2776 2803 1945 1559 1902 2669 2671 2633 7.010391347999999
2744 2789 2792 1944 1541 1901 2539 2659 2621 7.343702922999995
2754 2764 2779 1945 1559 1897 2694 2664 2624 7.583684907999995
2753 2791 2804 1951 1542 1900 2674 2660 2634 7.823698983999996
2731 2780 2793 1944 1526 1893 2680 2648 2591 8.171726924999994
2724 2742 2791 1942 1565 1901 2614 2662 2620 8.425465093999996
2766 2776 2799 1934 1558 1899 2712 2664 2636 8.623695702
2737 2750 2796 1955 1580 1900 2682 2664 2638 9.000954712999999
2748 2787 2797 1949 1579 1901 2687 2662 2625 9.235584396999997
2773 2774 2803 1942 1594 1898 2681 2671 2614 9.510742709999995
2764 2776 2807 1951 1574 1901 2677 2663 2616 9.762754517999994
