2272 2291 2324 1876 1817 1806 1783 1778 1776 7.289999999215979e-07
2277 2284 2327 1879 1822 1803 1782 1778 1777 0.10405607199999878
2279 2292 2321 1867 1820 1805 1783 1776 1775 0.26764240900000047
2275 2294 2310 1874 1824 1815 1784 1778 1777 0.5998205809999995
2272 2293 2318 1884 1814 1807 1779 1775 1774 0.8082029480000017
2274 2288 2321 1882 1813 1812 1781 1782 1774 1.1762247989999999
2284 2295 2323 1874 1819 1812 1779 1778 1776 1.3919429219999984
2279 2285 2324 1875 1814 1817 1775 1781 1780 1.608039939000001
2286 2292 2325 1878 1818 1811 1780 1777 1774 1.9484877939999983
2280 2280 2324 1873 1821 1813 1777 1776 1776 2.2303681190000013
2285 2285 2320 1881 1819 1811 1777 1780 1776 2.397963667999999
2275 2291 2320 1870 1822 1811 1779 1780 1776 2.6802210650000013
2282 2287 2329 1875 1824 1805 1780 1773 1777 3.0163249380000003
2275 2288 2323 1871 1815 1807 1781 1777 1779 3.191795958
2276 2277 2326 1878 1812 1811 1777 1784 1780 3.4950752780000016
2290 2285 2320 1880 1821 1809 1781 1781 1776 3.800279704000001
2268 2284 2328 1877 1821 1812 1779 1780 1775 4.056510411000001
2276 2294 2327 1875 1813 1811 1782 1777 1778 4.2949202920000005
2277 2294 2320 1878 1821 1812 1777 1779 1776 4.504342704999999
2281 2288 2331 1880 1818 1809 1779 1774 1778 4.7277663620000006
2280 2294 2308 1875 1818 1806 1780 1778 1779 5.0668364829999994
2276 2292 2321 1885 1820 1811 1780 1782 1776 5.3420746600000015
2272 2296 2325 1875 1821 1804 1783 1778 1778 5.545593386
2274 2287 2328 1883 1813 1816 1783 1776 1778 5.767932870999999
2279 2287 2328 1871 1820 1808 1784 1778 1777 6.104032733
2271 2292 2326 1879 1822 1802 1780 1782 1775 6.3753583370000015
2278 2292 2315 1882 1819 1807 1783 1779 1780 6.617665474999999
2282 2277 2319 1877 1821 1807 1779 1775 1775 6.840570567
2277 2276 2316 1882 1819 1807 1782 1783 1775 7.0794319130000005
2287 2287 2318 1876 1816 1807 1778 1780 1778 7.300872114999997
2276 2288 2322 1879 1814 1810 1782 1777 1774 7.654923355000001
2285 2296 2327 1879 1821 1816 1784 1775 1775 7.895272566000003
2280 2288 2312 1875 1821 1810 1782 1776 1776 8.119703084000001
2278 2286 2320 1876 1819 1808 1781 1776 1778 8.364996161999997
2278 2286 2324 1888 1813 1812 1777 1778 1777 8.569483095000002
2277 2292 2326 1881 1817 1804 1780 1779 1778 8.791851389000001
2271 2285 2321 1875 1815 1812 1779 1778 1779 9.158905398999998
2275 2286 2321 1874 1810 1807 1782 1780 1777 9.399239293
2276 2280 2329 1873 1820 1805 1781 1778 1777 9.741291343
