2369 2357 2314 1875 1827 1827 1781 1776 1781 7.289999999215979e-07
2362 2362 2307 1869 1822 1826 1780 1776 1778 0.11246360100000174
2360 2365 2310 1873 1825 1831 1783 1782 1780 0.34787806100000296
2362 2362 2306 1867 1827 1827 1783 1775 1773 0.7168374860000029
2363 2361 2314 1881 1824 1831 1783 1778 1780 0.9456291240000034
2365 2364 2313 1867 1829 1824 1781 1778 1777 1.1855520330000004
2370 2364 2302 1872 1825 1834 1783 1774 1780 1.3900032270000011
2361 2370 2306 1865 1831 1833 1783 1777 1773 1.6124079890000012
2372 2361 2314 1873 1826 1834 1784 1778 1776 1.9834504240000008
2370 2357 2311 1880 1830 1833 1781 1782 1780 2.1899011190000017
2362 2370 2313 1868 1821 1834 1779 1776 1778 2.47512841
2366 2364 2311 1862 1827 1830 1781 1782 1779 2.7963131590000003
2364 2361 2317 1874 1831 1832 1786 1781 1775 3.0356296170000014
2371 2361 2315 1865 1829 1826 1783 1789 1779 3.3238687400000018
2364 2364 2313 1868 1833 1825 1779 1784 1773 3.6938703990000015
2374 2364 2310 1871 1825 1833 1782 1776 1777 3.9641205830000033
2377 2364 2310 1872 1826 1834 1784 1780 1778 4.171585798000002
2363 2364 2317 1874 1820 1829 1783 1778 1777 4.413969152
2362 2369 2312 1864 1828 1838 1784 1777 1781 4.748070608000003
2364 2360 2310 1864 1824 1828 1779 1782 1774 5.120677489000002
2363 2364 2316 1869 1830 1828 1784 1778 1777 5.340498544000003
2364 2369 2315 1872 1824 1832 1782 1777 1775 5.582840326000003
2369 2359 2310 1865 1831 1830 1784 1786 1780 5.9159509660000005
2363 2367 2318 1875 1823 1841 1785 1787 1777 6.156291425000003
2365 2357 2316 1873 1827 1834 1782 1778 1776 6.406630114000002
2357 2366 2317 1873 1825 1838 1782 1774 1779 6.560272192000003
2367 2362 2314 1872 1829 1828 1785 1785 1778 6.960172636000003
2366 2364 2308 1872 1826 1825 1784 1782 1776 7.292269851
2361 2365 2314 1870 1828 1831 1778 1783 1775 7.508691427000002
2364 2355 2317 1867 1829 1827 1782 1783 1776 7.760004522000003
2367 2358 2305 1872 1828 1833 1780 1775 1779 8.093099481000003
2363 2364 2313 1873 1824 1840 1781 1779 1776 8.300338234000002
2358 2359 2321 1873 1837 1827 1779 1778 1780 8.670565261
2364 2356 2318 1870 1834 1831 1780 1777 1777 8.885987999000001
2369 2364 2314 1870 1828 1832 1787 1780 1780 9.133310845000004
2364 2360 2326 1869 1821 1834 1780 1778 1778 9.372712636000003
2369 2361 2321 1869 1830 1843 1784 1776 1776 9.713781164000004
