2789 2766 2800 1953 1633 1954 2629 2712 2542 7.300000000043383e-07
2760 2777 2821 1947 1629 1945 2606 2726 2559 0.24467021799999955
2765 2797 2795 1955 1632 1949 2617 2711 2515 0.454114876000002
2762 2784 2812 1950 1637 1952 2585 2723 2551 0.677573541000001
2770 2794 2825 1947 1627 1940 2605 2717 2558 1.0156109089999994
2729 2775 2815 1950 1633 1946 2577 2703 2507 1.3965924980000004
2745 2806 2819 1962 1630 1941 2627 2711 2556 1.6209949370000025
2732 2756 2843 1960 1634 1946 2634 2732 2494 1.9565941030000005
2758 2778 2808 1956 1635 1948 2638 2705 2549 2.1975351770000024
2760 2783 2807 1955 1632 1941 2637 2711 2579 2.533581068
2778 2774 2802 1959 1631 1944 2612 2688 2551 2.878683240000001
2768 2787 2809 1953 1636 1948 2569 2729 2504 3.1139788159999995
2759 2750 2827 1960 1631 1939 2635 2727 2527 3.3673256910000013
2756 2795 2815 1963 1631 1946 2642 2689 2484 3.573819053000001
2745 2760 2814 1955 1634 1949 2647 2681 2527 3.9138624859999993
2769 2785 2814 1951 1631 1940 2615 2713 2539 4.1542288360000015
2745 2774 2815 1957 1635 1951 2631 2705 2531 4.372611987000003
2775 2774 2816 1954 1631 1950 2602 2712 2570 4.618013373
2734 2782 2805 1954 1632 1948 2629 2728 2554 4.949149675000001
2732 2759 2820 1951 1634 1943 2604 2720 2508 5.289242702999999
2755 2791 2808 1956 1625 1945 2629 2712 2523 5.525574314
2764 2757 2828 1956 1631 1936 2620 2703 2520 5.748977914000001
2742 2753 2815 1951 1633 1949 2604 2712 2488 5.991349964000001
2771 2783 2813 1951 1634 1944 2615 2723 2509 6.196763530000002
2745 2763 2821 1952 1629 1950 2625 2731 2556 6.4211604980000025
2768 2788 2807 1957 1630 1946 2618 2732 2536 6.664512788
2786 2786 2811 1956 1629 1947 2614 2723 2564 6.998621902
2762 2764 2830 1957 1631 1944 2609 2709 2541 7.239973963000001
2770 2794 2825 1952 1628 1945 2615 2707 2552 7.493274889000002
2764 2779 2809 1956 1630 1951 2627 2716 2540 7.82939189
2761 2757 2820 1955 1631 1947 2618 2696 2554 8.069782309
2746 2749 2811 1955 1637 1946 2634 2712 2532 8.277240959
2767 2760 2805 1962 1635 1950 2631 2720 2562 8.468690114000001
2759 2744 2821 1945 1637 1949 2632 2704 2483 8.839718692000002
2792 2765 2828 1955 1635 1948 2579 2722 2495 9.238619568
2752 2750 2813 1951 1627 1941 2612 2724 2539 9.445057865000003
2770 2774 2816 1950 1632 1947 2619 2692 2497 9.782207619000001
2757 2796 2831 1948 1631 1948 2585 2708 2531 10.021536475999998
