2418 2457 2468 1846 1806 1806 1765 1738 1752 1.0939999981474102e-06
2415 2461 2456 1842 1807 1803 1766 1734 1751 0.28024586299999754
2418 2460 2451 1843 1789 1807 1768 1736 1751 0.5475068239999992
2423 2470 2461 1841 1809 1806 1766 1736 1751 0.8547293489999994
2413 2460 2459 1845 1803 1802 1767 1733 1749 1.2017668399999977
2412 2456 2458 1844 1808 1813 1766 1737 1752 1.4301489509999996
2411 2464 2449 1841 1804 1808 1760 1741 1755 1.7672775549999997
2407 2473 2456 1844 1791 1808 1767 1736 1750 2.0265594779999994
2411 2459 2450 1836 1811 1811 1766 1738 1756 2.232037954999999
2413 2457 2463 1839 1791 1812 1764 1736 1752 2.5980252979999996
2427 2459 2466 1846 1805 1809 1766 1734 1753 2.843398968999999
2419 2476 2454 1843 1800 1800 1767 1737 1753 3.0657975299999976
2418 2467 2458 1841 1795 1807 1766 1733 1749 3.3989027000000007
2413 2460 2447 1837 1802 1808 1768 1741 1755 3.6741868259999997
2412 2456 2459 1838 1807 1805 1768 1733 1751 4.006292063
2417 2462 2451 1843 1801 1807 1766 1735 1753 4.218706615999999
2418 2464 2455 1845 1798 1804 1766 1737 1751 4.582738582999998
2410 2470 2456 1838 1798 1807 1766 1736 1751 4.774263589
2419 2457 2469 1843 1801 1805 1764 1737 1752 5.0515304400000005
2412 2461 2458 1844 1811 1807 1770 1732 1749 5.383591551999999
2414 2473 2449 1838 1806 1800 1765 1734 1755 5.628957565
2410 2464 2462 1840 1797 1810 1766 1735 1751 5.959078253999998
2417 2457 2437 1844 1804 1806 1765 1736 1749 6.295117579999999
2405 2456 2440 1845 1799 1806 1767 1740 1753 6.534540156999999
2419 2473 2452 1842 1800 1810 1766 1738 1751 6.757882492
2410 2458 2459 1842 1802 1807 1764 1740 1750 7.094038877999999
2411 2454 2456 1842 1796 1804 1769 1735 1753 7.302506577999999
2417 2467 2462 1841 1805 1810 1766 1737 1754 7.675508399999998
2408 2453 2458 1839 1801 1805 1767 1738 1751 8.055449577999998
2414 2459 2450 1826 1797 1797 1766 1741 1750 8.277880230999997
2406 2469 2462 1838 1798 1803 1767 1735 1751 8.502247659999998
2409 2454 2449 1843 1798 1801 1769 1738 1747 8.856235082999998
2412 2458 2454 1837 1795 1806 1766 1735 1753 9.078727000999997
2409 2463 2452 1837 1796 1806 1765 1745 1755 9.295143472
2425 2468 2456 1848 1799 1809 1766 1735 1758 9.543507822999999
2415 2464 2454 1841 1801 1802 1764 1740 1749 9.886558346999998
