2398 2464 2414 1822 1779 1787 1780 1775 1775 1.0940000052528376e-06
2403 2462 2432 1819 1780 1787 1781 1778 1776 0.10049358500000238
2398 2457 2439 1821 1769 1790 1781 1778 1773 0.2610699140000037
2393 2459 2430 1816 1777 1794 1780 1782 1774 0.5971850920000037
2388 2461 2431 1814 1776 1789 1778 1774 1776 0.8794140440000007
2394 2457 2433 1825 1775 1788 1780 1774 1773 1.076920777000005
2389 2465 2431 1824 1773 1787 1779 1777 1778 1.4449349700000056
2405 2467 2419 1819 1775 1788 1779 1776 1776 1.6852929329999995
2385 2471 2433 1813 1771 1787 1779 1777 1776 2.0273497230000004
2259 2460 2438 1821 1774 1793 1780 1775 1775 2.392396210000001
2398 2463 2428 1820 1775 1788 1780 1784 1772 2.618764234000004
2383 2469 2424 1821 1777 1788 1779 1770 1776 2.8212538540000054
2375 2453 2433 1817 1773 1788 1780 1780 1775 3.1922076740000023
2393 2456 2431 1816 1773 1788 1780 1782 1776 3.4295950130000037
2389 2465 2437 1818 1766 1789 1777 1779 1778 3.654998842000005
2402 2462 2431 1817 1778 1787 1781 1778 1773 4.032980270000003
2396 2464 2426 1818 1772 1784 1779 1779 1776 4.230481168000004
2381 2447 2436 1823 1775 1785 1780 1782 1777 4.568584906000005
2397 2455 2425 1818 1776 1784 1779 1782 1780 4.804920164000002
2393 2465 2431 1823 1769 1789 1779 1778 1777 5.029372563000003
2386 2473 2423 1819 1780 1787 1779 1779 1777 5.397339348000003
2399 2477 2427 1819 1772 1789 1781 1782 1776 5.605810330000004
2397 2456 2441 1819 1775 1784 1780 1779 1775 5.8471667670000045
2415 2465 2437 1820 1772 1787 1778 1781 1776 6.069565693000001
2385 2463 2432 1819 1768 1786 1779 1776 1778 6.308898196000001
2398 2453 2434 1822 1778 1787 1780 1771 1776 6.676944481
2392 2466 2437 1824 1777 1791 1779 1781 1774 6.925273459000003
2385 2467 2433 1817 1779 1788 1779 1779 1774 7.109739132000001
2401 2457 2434 1814 1771 1789 1782 1780 1774 7.493712861000006
2408 2462 2424 1821 1773 1787 1784 1775 1777 7.719177225999999
2389 2446 2422 1819 1775 1788 1780 1779 1773 7.956501112000005
2383 2472 2426 1821 1777 1789 1782 1776 1775 8.203853861000006
2394 2470 2436 1818 1769 1788 1779 1773 1774 8.421280476
2390 2463 2424 1821 1777 1792 1778 1782 1777 8.759345559000003
2382 2468 2440 1818 1770 1792 1782 1781 1772 8.996725604000005
2387 2458 2421 1817 1776 1790 1780 1779 1774 9.245054218
2392 2460 2429 1818 1775 1781 1778 1779 1772 9.57322646
2408 2467 2442 1816 1766 1793 1777 1772 1775 9.804594876000003
