2747 2785 2796 1942 1667 1919 2652 2710 2607 7.300000000043383e-07
2748 2807 2803 1952 1667 1913 2637 2729 2622 0.12416850099999976
2728 2757 2808 1948 1656 1920 2621 2719 2597 0.3964601220000006
2751 2765 2797 1940 1679 1925 2625 2725 2577 0.6208829820000012
2779 2792 2792 1937 1667 1919 2649 2716 2562 1.023781765999999
2763 2774 2805 1945 1663 1922 2602 2699 2586 1.179395993
2757 2779 2798 1943 1678 1919 2636 2737 2583 1.4716104130000005
2762 2788 2808 1946 1674 1923 2628 2713 2602 1.7718326809999994
2775 2765 2797 1943 1662 1918 2647 2690 2600 1.995242845
2756 2794 2799 1942 1662 1923 2634 2716 2597 2.426070451000001
2742 2769 2792 1947 1664 1921 2628 2708 2602 2.6045533039999995
2752 2775 2785 1944 1668 1921 2629 2712 2623 2.9725631210000003
2755 2771 2786 1948 1658 1922 2632 2737 2560 3.1799969730000015
2731 2752 2810 1941 1664 1926 2641 2698 2628 3.4283529379999997
2742 2756 2812 1947 1669 1918 2641 2724 2590 3.6138601150000014
2767 2755 2769 1941 1660 1921 2654 2745 2608 3.992834546000001
2766 2778 2799 1941 1665 1915 2619 2700 2571 4.285370242999999
2755 2786 2783 1944 1662 1927 2620 2693 2629 4.587239009000001
2791 2782 2795 1941 1661 1921 2621 2712 2601 4.860531292000001
2767 2765 2824 1939 1663 1919 2655 2693 2583 5.084901639000002
2740 2762 2789 1944 1665 1919 2654 2721 2584 5.388124434000002
2753 2786 2814 1941 1661 1918 2626 2728 2595 5.631468700999999
2766 2767 2820 1953 1667 1928 2647 2718 2572 5.899775544000001
2763 2793 2788 1945 1670 1923 2637 2716 2591 6.128160208000001
2761 2755 2787 1941 1660 1914 2628 2696 2608 6.459287758000002
2775 2756 2792 1938 1663 1925 2610 2710 2597 6.796089980000001
2760 2761 2795 1942 1661 1925 2640 2708 2586 7.0376969460000005
2767 2746 2814 1942 1667 1918 2628 2707 2622 7.372846835999997
2754 2760 2809 1948 1661 1920 2660 2719 2592 7.612153082999999
2734 2779 2801 1944 1668 1920 2679 2720 2583 7.947279632999997
2755 2773 2795 1942 1667 1922 2617 2715 2615 8.172673980999999
2752 2808 2812 1946 1661 1927 2576 2704 2568 8.417002865000004
2768 2789 2814 1945 1666 1923 2621 2715 2607 8.619504154999998
2753 2775 2792 1944 1673 1916 2616 2724 2585 8.994500007000003
2763 2780 2795 1944 1663 1913 2607 2710 2571 9.183007710999998
2750 2794 2799 1948 1658 1918 2660 2716 2622 9.549001982000004
2748 2765 2780 1945 1666 1925 2636 2729 2587 9.754456391999998
2723 2767 2797 1938 1671 1916 2662 2702 2621 9.995835803000002
