2758 2759 2799 1950 1683 1911 2606 2718 2563 1.0940000052528376e-06
2777 2791 2799 1949 1680 1907 2628 2732 2617 0.1278600820000051
2763 2758 2783 1949 1688 1909 2641 2702 2576 0.35925548400000196
2743 2748 2807 1947 1683 1910 2595 2718 2574 0.6803505230000013
2762 2760 2787 1951 1677 1908 2581 2722 2588 1.0643530620000021
2768 2771 2795 1945 1678 1905 2592 2703 2614 1.2877894820000009
2751 2777 2796 1941 1689 1911 2617 2710 2601 1.6238875200000038
2758 2765 2779 1946 1678 1916 2604 2712 2597 1.833299358000005
2760 2792 2804 1947 1678 1911 2594 2720 2565 2.103435764000004
2773 2792 2798 1950 1677 1912 2619 2709 2594 2.4486601010000015
2769 2772 2798 1944 1689 1905 2625 2722 2577 2.8086865040000006
2740 2778 2806 1951 1683 1905 2601 2720 2605 3.0331567710000016
2745 2778 2790 1951 1676 1909 2612 2726 2606 3.399085766000006
2755 2777 2802 1944 1684 1907 2603 2703 2577 3.644486422
2759 2776 2793 1942 1678 1911 2595 2705 2602 3.848947463000002
2765 2796 2792 1952 1681 1909 2610 2711 2589 4.183987587000004
2746 2787 2782 1944 1682 1908 2626 2713 2580 4.4084421730000045
2776 2757 2791 1949 1687 1914 2606 2704 2612 4.647807861000004
2770 2786 2815 1948 1686 1911 2610 2729 2603 4.984849308000001
2763 2791 2776 1950 1679 1909 2613 2727 2601 5.224227760000005
2772 2769 2797 1947 1681 1913 2589 2703 2588 5.448671042000001
2761 2773 2774 1945 1680 1908 2623 2721 2581 5.783766595000003
2776 2794 2791 1946 1677 1908 2640 2708 2587 5.994201339
2759 2761 2775 1947 1677 1919 2593 2708 2573 6.269461397000001
2743 2774 2784 1939 1681 1911 2587 2720 2563 6.455966319000005
2767 2769 2791 1954 1683 1910 2612 2722 2600 6.823986347000002
2791 2771 2803 1948 1681 1912 2591 2698 2592 7.0713186750000006
2749 2759 2817 1947 1681 1911 2603 2691 2589 7.400482827000005
2767 2769 2797 1949 1681 1916 2591 2716 2572 7.68268844
2775 2799 2791 1948 1676 1909 2602 2699 2557 7.870188554000002
2760 2763 2790 1953 1688 1913 2621 2707 2561 8.102683079000002
2762 2770 2804 1951 1674 1915 2605 2728 2585 8.444656724000005
2738 2787 2804 1947 1686 1911 2610 2693 2560 8.680026329
2755 2787 2801 1954 1684 1910 2605 2725 2600 9.049036808000004
2758 2779 2783 1946 1679 1909 2594 2701 2595 9.256452428000003
2765 2758 2798 1951 1680 1911 2614 2701 2586 9.480899720000004
2767 2778 2794 1946 1681 1907 2615 2687 2594 9.847943155000003
