2396 2460 2459 1815 1790 1784 1780 1779 1771 7.289999928161706e-07
2384 2465 2435 1822 1788 1797 1782 1777 1769 0.24621971099998063
2382 2466 2456 1824 1784 1793 1779 1779 1766 0.5181834919999915
2389 2456 2456 1822 1776 1787 1780 1774 1771 0.8232427789999974
2385 2467 2453 1824 1782 1792 1780 1775 1769 1.0741653099999837
2386 2458 2445 1821 1781 1793 1779 1776 1772 1.2901882989999933
2401 2466 2449 1822 1792 1793 1779 1777 1773 1.6221844989999852
2374 2473 2461 1820 1785 1792 1772 1781 1771 1.846187619999995
2412 2460 2449 1822 1781 1794 1777 1776 1773 2.0821957670000018
2384 2457 2451 1827 1789 1796 1780 1774 1771 2.4582112439999833
2408 2471 2448 1820 1792 1791 1778 1776 1772 2.69533565399999
2394 2468 2453 1821 1789 1804 1777 1778 1774 2.874184636999985
2401 2454 2454 1830 1787 1795 1784 1779 1773 3.250177139999977
2389 2460 2452 1820 1786 1790 1777 1775 1765 3.4382096759999854
2397 2456 2459 1821 1788 1790 1777 1772 1770 3.798153296999999
2395 2469 2434 1825 1783 1789 1780 1780 1769 4.0021982469999955
2394 2465 2452 1816 1785 1790 1773 1777 1769 4.403241574999981
2389 2464 2454 1821 1791 1793 1778 1780 1772 4.578214817999992
2404 2464 2460 1825 1787 1792 1780 1773 1769 4.92083685099999
2383 2460 2443 1820 1787 1793 1781 1780 1769 5.403954874999982
2389 2462 2458 1822 1782 1790 1781 1778 1770 5.555879343999976
2386 2462 2444 1824 1784 1790 1783 1778 1766 5.751858462999991
2394 2463 2455 1822 1781 1791 1772 1777 1766 6.0879379029999825
2380 2461 2458 1816 1789 1792 1778 1779 1772 6.4198618979999935
2395 2467 2460 1824 1787 1792 1775 1774 1775 6.6278624529999774
2403 2470 2457 1821 1784 1794 1780 1780 1768 6.851856822000002
2391 2456 2446 1820 1785 1796 1775 1775 1771 7.121118377999977
2396 2460 2456 1828 1789 1789 1777 1777 1769 7.367881451999978
2388 2456 2454 1822 1786 1790 1779 1774 1772 7.6998634299999935
2395 2469 2463 1818 1791 1794 1781 1775 1772 7.923899006999989
2392 2465 2465 1827 1781 1794 1778 1777 1772 8.171878993999997
2398 2458 2452 1821 1787 1792 1778 1776 1770 8.403887774999987
2394 2462 2450 1818 1786 1790 1778 1777 1767 8.744901966999976
2385 2469 2467 1821 1791 1788 1781 1775 1771 8.971895768999985
2386 2460 2447 1822 1792 1792 1780 1778 1770 9.200840569999997
2386 2467 2466 1823 1785 1795 1782 1774 1769 9.44788663
2392 2461 2457 1823 1785 1797 1782 1776 1774 9.811860249999995
