2769 2762 2824 1952 1626 1952 2585 2737 2420 7.300000000043383e-07
2772 2770 2820 1954 1627 1945 2599 2694 2509 0.15109520400000065
2741 2801 2803 1956 1625 1956 2630 2697 2428 0.34355851299999784
2771 2768 2818 1952 1625 1954 2589 2726 2453 0.7564737610000023
2769 2760 2820 1954 1637 1954 2636 2707 2509 1.0168562659999978
2765 2790 2804 1952 1629 1955 2599 2718 2498 1.1952873350000033
2741 2783 2837 1953 1626 1964 2630 2730 2536 1.5912070119999981
2771 2774 2829 1953 1626 1953 2573 2729 2488 1.8654981339999992
2746 2772 2826 1955 1630 1949 2612 2721 2490 2.2295377599999995
2768 2777 2808 1957 1627 1956 2572 2721 2494 2.5004162740000027
2751 2781 2820 1953 1628 1951 2590 2718 2463 2.7271901789999973
2788 2783 2816 1954 1627 1952 2598 2703 2503 3.064369108000001
2760 2753 2839 1959 1625 1953 2611 2719 2485 3.2467977180000034
2782 2746 2814 1956 1621 1952 2636 2714 2428 3.5160610980000016
2746 2793 2813 1959 1627 1956 2638 2696 2464 3.7016010959999974
2752 2770 2816 1965 1628 1944 2630 2689 2445 4.00572682
2764 2775 2814 1957 1629 1943 2587 2710 2507 4.308966755
2776 2786 2824 1955 1625 1952 2599 2720 2527 4.550291465000001
2756 2784 2824 1960 1624 1952 2605 2712 2489 4.773728615000003
2737 2735 2806 1957 1624 1953 2634 2721 2493 5.157695414999999
2740 2747 2821 1955 1628 1945 2591 2734 2508 5.383069706000001
2749 2771 2832 1954 1628 1950 2618 2706 2487 5.622452168999999
2776 2799 2795 1953 1632 1949 2619 2717 2480 5.815969746999997
2785 2766 2816 1948 1629 1949 2624 2724 2490 6.055292768999998
2762 2765 2824 1954 1631 1954 2627 2718 2401 6.293662171000001
2773 2772 2821 1956 1628 1948 2615 2695 2474 6.6656746359999985
2756 2817 2835 1957 1627 1945 2586 2707 2504 6.876979489
2768 2759 2837 1952 1625 1945 2619 2745 2525 7.093505727
2754 2799 2827 1945 1629 1949 2621 2706 2554 7.493424769000001
2754 2747 2809 1956 1628 1948 2621 2723 2451 7.700872844000003
2767 2757 2820 1959 1625 1953 2623 2720 2495 8.078861930000002
2750 2761 2807 1949 1627 1944 2614 2694 2448 8.315262099999998
2767 2777 2841 1953 1625 1948 2607 2713 2497 8.616457314999998
2767 2756 2815 1946 1634 1945 2621 2721 2509 8.869825704999997
2777 2766 2833 1957 1623 1942 2613 2711 2494 9.127063638000003
2770 2771 2813 1947 1628 1951 2611 2688 2419 9.445245307
2798 2774 2825 1958 1630 1958 2607 2712 2464 9.781283903999999
2747 2764 2804 1960 1631 1959 2625 2723 2448 9.992784950999997
