907 994 2438 1557 1769 1795 1784 1778 1776 7.290000070270253e-07
914 1000 2436 1559 1770 1794 1784 1776 1776 0.12228824800000382
915 1000 2455 1571 1769 1805 1782 1782 1772 0.2788462479999936
914 1000 2454 1591 1771 1800 1779 1774 1780 0.6479161689999984
910 993 2443 1597 1767 1795 1781 1780 1780 0.9839883159999943
918 991 2449 1585 1774 1795 1782 1776 1780 1.2233386879999983
911 988 2449 1612 1767 1799 1780 1786 1775 1.559409376000005
914 995 2449 1602 1778 1802 1784 1778 1776 1.7996251160000014
915 998 2440 1607 1766 1796 1780 1779 1775 2.1767663370000037
913 996 2440 1618 1768 1799 1782 1776 1780 2.3922277310000055
913 994 2441 1616 1772 1796 1780 1782 1777 2.5996240220000004
911 990 2434 1626 1771 1796 1779 1780 1777 2.8390156020000035
918 990 2447 1622 1767 1803 1782 1778 1778 3.063454871999994
915 990 2455 1629 1769 1803 1780 1773 1782 3.399518631999996
908 991 2437 1638 1769 1797 1783 1777 1773 3.6389105760000007
908 986 2439 1628 1768 1795 1782 1782 1777 3.8802469559999935
903 988 2445 1623 1771 1799 1784 1783 1779 4.215324276000004
900 978 2438 1620 1765 1795 1786 1776 1773 4.439719056000001
900 979 2429 1614 1763 1801 1780 1779 1776 4.775850644000002
897 979 2432 1613 1768 1798 1782 1773 1774 5.110954585000002
902 982 2435 1582 1767 1801 1780 1781 1778 5.384224622999994
897 979 2450 1602 1763 1800 1785 1775 1779 5.623549832999998
898 972 2435 1592 1770 1798 1780 1781 1775 5.816046327999999
896 980 2442 1586 1770 1805 1780 1779 1780 6.0872151220000035
896 973 2441 1603 1764 1801 1784 1778 1776 6.423941855999999
896 979 2442 1609 1765 1802 1782 1781 1772 6.664750190000007
897 976 2439 1614 1770 1799 1783 1777 1774 7.000877402
899 979 2436 1611 1771 1801 1782 1781 1774 7.337969903000001
901 981 2439 1610 1762 1797 1781 1782 1777 7.581278068000003
899 980 2434 1614 1767 1798 1780 1774 1777 7.800941219999999
897 979 2436 1594 1763 1797 1781 1778 1777 8.13682009
901 982 2434 1583 1758 1801 1788 1775 1779 8.388173299000002
896 979 2437 1600 1761 1797 1782 1774 1777 8.624136956000001
897 975 2443 1594 1758 1798 1784 1774 1778 8.952663659999999
897 979 2434 1554 1757 1796 1778 1780 1781 9.288756957999993
894 984 2432 1557 1759 1794 1778 1783 1776 9.511197456999994
897 977 2426 1574 1757 1795 1783 1779 1778 9.848260420000003
