2725 2762 2766 1927 1731 1929 2692 2668 2643 7.289999928161706e-07
2737 2776 2776 1920 1733 1924 2679 2674 2652 0.12217446999997605
2735 2770 2798 1922 1729 1924 2663 2667 2645 0.4509057559999974
2738 2783 2767 1912 1729 1924 2683 2665 2646 0.6741755199999773
2723 2781 2780 1917 1728 1927 2699 2663 2642 1.0101915079999912
2732 2761 2766 1926 1730 1924 2681 2668 2657 1.2581627419999961
2713 2752 2799 1921 1731 1929 2699 2672 2639 1.4502227239999854
2717 2783 2800 1920 1729 1929 2650 2675 2649 1.8301591609999832
2748 2791 2800 1922 1729 1925 2685 2670 2662 2.174231861999999
2732 2779 2806 1925 1727 1925 2668 2662 2644 2.386164681999986
2719 2792 2810 1927 1730 1928 2677 2663 2641 2.6262006389999897
2727 2770 2788 1924 1728 1929 2649 2665 2636 2.962203862999985
2700 2773 2790 1924 1731 1928 2675 2687 2638 3.20618594299998
2710 2771 2803 1915 1728 1929 2674 2668 2656 3.550176592999975
2740 2751 2780 1920 1730 1921 2661 2670 2637 3.76616165599998
2715 2782 2777 1922 1729 1917 2675 2654 2655 4.098213285999975
2735 2778 2786 1925 1732 1920 2692 2662 2641 4.342154886999992
2722 2784 2793 1926 1729 1920 2676 2684 2639 4.674213445999982
2705 2761 2800 1916 1735 1923 2694 2654 2651 5.011860249999984
2729 2772 2785 1920 1731 1928 2675 2658 2635 5.251860832999995
2733 2752 2775 1919 1729 1927 2681 2675 2648 5.511871007999986
2702 2784 2794 1928 1728 1930 2710 2676 2651 5.723893901999986
2711 2775 2793 1926 1730 1929 2690 2664 2636 6.05185973899998
2727 2777 2769 1921 1734 1927 2686 2659 2651 6.259905877999984
2719 2795 2779 1926 1733 1921 2690 2662 2652 6.6278624529999774
2737 2797 2771 1915 1733 1927 2679 2645 2630 6.967866135999998
2682 2771 2785 1926 1732 1923 2699 2663 2632 7.187843270999991
2724 2792 2800 1923 1728 1923 2676 2660 2669 7.427836195999987
2726 2772 2800 1927 1730 1925 2690 2679 2639 7.647888817999984
2751 2770 2784 1923 1733 1924 2675 2653 2630 8.00386224799999
2748 2775 2791 1923 1727 1925 2669 2668 2646 8.227891626000002
2725 2761 2787 1919 1730 1921 2689 2678 2640 8.579882100999981
2727 2759 2777 1923 1731 1921 2661 2653 2638 8.803912937999996
2741 2788 2802 1926 1729 1926 2696 2663 2637 9.051860103999985
2719 2761 2793 1916 1727 1920 2693 2663 2654 9.37989340599998
2726 2799 2779 1921 1733 1929 2666 2669 2664 9.603905279999992
2709 2779 2766 1918 1731 1925 2681 2660 2636 9.97186696
