2415 2456 2454 1821 1783 1794 1780 1781 1777 7.289999999215979e-07
2405 2463 2466 1830 1788 1791 1779 1777 1772 0.11894602299999946
2407 2461 2436 1827 1791 1798 1779 1775 1776 0.4500848770000019
2405 2471 2446 1822 1797 1804 1779 1775 1777 0.8220575920000002
2408 2458 2459 1822 1783 1802 1783 1778 1778 1.0425026029999955
2406 2458 2461 1827 1784 1806 1778 1771 1777 1.248916100999999
2415 2471 2459 1822 1788 1798 1780 1782 1776 1.4923289269999955
2409 2466 2449 1824 1785 1804 1779 1773 1774 1.7935157539999977
2400 2456 2449 1829 1789 1799 1778 1774 1777 2.0802039249999993
2412 2461 2457 1826 1790 1807 1780 1773 1775 2.4098366810000016
2401 2467 2460 1827 1782 1801 1781 1777 1778 2.657184324999996
2408 2454 2456 1824 1792 1794 1779 1781 1775 2.9932601189999986
2417 2460 2453 1823 1793 1800 1779 1773 1776 3.2336374089999964
2399 2454 2470 1821 1792 1796 1782 1776 1777 3.4600152789999967
2397 2464 2451 1824 1786 1797 1780 1775 1774 3.8130775269999972
2411 2466 2464 1827 1784 1796 1778 1771 1776 4.033478412000001
2397 2446 2446 1828 1792 1794 1779 1775 1774 4.430418807999999
2412 2459 2456 1831 1787 1797 1781 1776 1778 4.6428432069999985
2412 2450 2458 1822 1785 1798 1780 1780 1775 4.9470196209999955
2411 2472 2456 1825 1786 1798 1778 1778 1775 5.190364617999997
2394 2467 2459 1822 1792 1798 1779 1777 1778 5.378867946
2410 2461 2467 1826 1790 1802 1780 1773 1776 5.744897590000001
2412 2465 2467 1824 1794 1805 1777 1773 1775 5.985246800999995
2400 2465 2462 1825 1793 1794 1779 1778 1772 6.379154944
2410 2466 2451 1826 1785 1801 1784 1780 1778 6.5527810849999995
2419 2453 2460 1829 1796 1801 1785 1778 1776 6.792085143000001
2399 2462 2465 1827 1789 1796 1779 1777 1776 6.993574467000002
2416 2465 2467 1828 1787 1801 1781 1777 1777 7.367545587999999
2409 2465 2465 1827 1789 1805 1779 1781 1777 7.554060356999997
2405 2470 2452 1821 1786 1795 1781 1778 1776 7.921050184000002
2398 2464 2458 1824 1790 1797 1783 1771 1781 8.167425246
2413 2463 2461 1820 1788 1788 1783 1776 1777 8.400822700999996
2400 2454 2464 1824 1794 1795 1778 1772 1775 8.648155758999998
2426 2456 2460 1823 1788 1790 1782 1783 1770 8.867551970000001
2414 2466 2464 1821 1788 1799 1784 1776 1774 9.231583936999996
2409 2463 2463 1822 1787 1797 1779 1781 1776 9.442035456999996
2407 2461 2457 1821 1789 1795 1780 1774 1777 9.808042127
