2741 2758 1169 1959 1730 1919 2603 2738 2589 1.0950000017828643e-06
2738 2790 1170 1957 1738 1924 2618 2708 2576 0.21475356400000578
2756 2781 1170 1956 1740 1917 2593 2720 2559 0.4870127289999999
2745 2765 1166 1952 1729 1922 2622 2726 2580 0.6765065090000064
2770 2777 1169 1957 1734 1923 2572 2731 2608 1.0126340860000056
2777 2766 1166 1952 1736 1915 2600 2690 2592 1.3487397829999992
2743 2758 1170 1957 1734 1924 2610 2696 2577 1.630956335999997
2767 2761 1169 1954 1733 1922 2629 2703 2601 1.8603391099999982
2750 2798 1169 1952 1734 1922 2581 2707 2620 2.2313735219999984
2759 2795 1165 1956 1732 1926 2594 2680 2578 2.4417597650000005
2743 2775 1169 1954 1741 1927 2582 2703 2614 2.773899646000004
2747 2796 1166 1953 1735 1919 2584 2710 2603 2.9985825180000063
2718 2779 1165 1958 1729 1920 2596 2698 2579 3.3005125480000004
2777 2746 1166 1961 1740 1919 2573 2720 2595 3.6814904910000052
2771 2804 1172 1947 1737 1920 2620 2701 2608 3.909882084000003
2770 2777 1171 1953 1738 1921 2591 2713 2598 4.254987901999996
2764 2757 1171 1954 1733 1921 2585 2723 2602 4.6129834430000045
2745 2774 1167 1953 1732 1923 2574 2724 2623 4.982020542000001
2756 2755 1167 1959 1735 1915 2600 2704 2628 5.189482111000004
2764 2798 1165 1954 1731 1919 2598 2720 2587 5.524584593
2747 2781 1161 1955 1731 1916 2595 2719 2603 5.779860585999998
2745 2780 1165 1958 1728 1921 2614 2719 2600 6.084077479000001
2738 2758 1166 1950 1725 1919 2573 2709 2572 6.483916293999997
2774 2779 1167 1951 1735 1922 2609 2706 2621 6.728318111999997
2750 2778 1167 1953 1737 1922 2611 2713 2581 6.900907488000001
2764 2748 1165 1957 1734 1918 2604 2724 2596 7.158181524
2754 2762 1168 1952 1739 1925 2584 2719 2550 7.492286625999995
2760 2762 1168 1961 1740 1919 2591 2704 2601 7.828386852999998
2766 2768 1161 1958 1737 1919 2603 2689 2517 8.073730984999997
2765 2762 1167 1949 1731 1924 2572 2717 2599 8.411858426999999
2757 2765 1167 1953 1735 1919 2638 2702 2538 8.739943877000002
2729 2745 1163 1955 1734 1926 2625 2710 2593 8.980122785999995
2746 2766 1163 1956 1728 1915 2575 2729 2577 9.206706695999998
2769 2768 1159 1953 1727 1919 2591 2734 2562 9.430154786000003
2747 2824 1163 1955 1735 1918 2620 2725 2570 9.781201123000002
2757 2775 1169 1956 1737 1924 2583 2707 2582 10.024494700999995
