2744 2799 2751 1954 1725 1913 2619 2711 2653 1.0940000052528376e-06
2729 2761 2770 1953 1732 1922 2631 2701 2631 0.1683562560000027
2747 2783 2756 1958 1732 1925 2613 2695 2661 0.5004673280000063
2748 2770 2762 1955 1733 1928 2614 2707 2681 0.7438006560000048
2746 2780 2767 1954 1733 1921 2660 2721 2666 1.1078526800000006
2730 2781 2756 1959 1735 1917 2586 2727 2651 1.3491901530000021
2740 2771 2777 1955 1734 1930 2634 2702 2660 1.572566038000005
2752 2750 2755 1960 1736 1919 2622 2707 2637 1.8178780790000033
2749 2783 2759 1953 1737 1919 2589 2712 2646 2.1809279830000037
2758 2761 2755 1958 1727 1927 2622 2721 2632 2.4212914160000025
2779 2778 2790 1952 1738 1926 2623 2706 2640 2.728492425000006
2747 2757 2767 1957 1733 1924 2643 2726 2662 2.9499085590000007
2771 2773 2762 1958 1732 1917 2637 2733 2648 3.317893213000005
2754 2787 2784 1955 1732 1931 2614 2726 2663 3.5562330770000017
2737 2794 2799 1955 1728 1929 2569 2722 2661 3.7706996430000004
2755 2773 2784 1954 1736 1919 2607 2697 2673 4.032980270000003
2733 2777 2778 1955 1727 1918 2620 2721 2657 4.293317191
2736 2734 2762 1958 1727 1917 2609 2738 2642 4.501733107
2753 2797 2771 1953 1730 1923 2617 2712 2677 4.697237058000006
2740 2773 2776 1954 1730 1929 2640 2720 2664 5.067251845000001
2739 2762 2760 1954 1730 1927 2597 2713 2682 5.302560550000003
2766 2766 2810 1958 1734 1919 2633 2721 2649 5.540967878000004
2724 2760 2759 1958 1723 1921 2628 2723 2680 5.734432579
2737 2788 2773 1958 1735 1927 2607 2729 2647 6.1513504740000045
2725 2766 2791 1955 1730 1921 2626 2702 2672 6.373749401000005
2746 2785 2769 1952 1732 1917 2610 2701 2670 6.549255430000002
2764 2775 2784 1957 1731 1922 2610 2695 2673 6.772696226000001
2745 2749 2773 1956 1731 1928 2627 2704 2683 7.192570159000006
2760 2782 2763 1955 1732 1918 2644 2690 2658 7.525650895000005
2751 2736 2758 1955 1730 1923 2612 2713 2644 7.750080684000004
2756 2778 2789 1951 1731 1921 2651 2705 2653 8.085160557000002
2742 2779 2799 1955 1733 1922 2628 2718 2660 8.325564833000001
2729 2778 2781 1953 1727 1922 2624 2719 2652 8.544957033000003
2745 2769 2786 1953 1733 1922 2634 2699 2650 8.822185229000006
2756 2775 2777 1954 1732 1923 2651 2717 2641 9.125366451000005
2746 2780 2780 1961 1734 1923 2590 2707 2649 9.367747253000005
2729 2787 2774 1954 1732 1918 2595 2712 2640 9.700845129000001
2741 2785 2769 1956 1733 1918 2610 2712 2673 9.909290220000003
