2395 2460 2460 1868 1825 1796 1658 1656 1795 1.4579999998431958e-06
2413 2455 2478 1869 1822 1796 1671 1642 1793 0.1383604679999948
2403 2459 2460 1873 1824 1796 1666 1641 1793 0.29034656599999664
2410 2459 2451 1880 1830 1789 1687 1639 1795 0.5343669369999944
2401 2464 2444 1870 1832 1795 1675 1672 1791 0.7663268519999988
2393 2453 2452 1875 1821 1802 1670 1668 1795 1.0063547859999957
2409 2467 2454 1871 1825 1789 1671 1667 1795 1.3343698539999949
2396 2467 2468 1872 1824 1793 1681 1647 1793 1.5703834709999995
2404 2461 2449 1870 1832 1800 1677 1653 1795 1.9426267729999935
2393 2460 2454 1871 1828 1791 1676 1653 1796 2.2703552089999945
2409 2458 2473 1861 1828 1793 1679 1664 1792 2.639526143999994
2408 2462 2479 1867 1825 1801 1675 1657 1793 2.822368657999995
2417 2458 2473 1875 1827 1798 1684 1647 1794 3.1863809329999953
2402 2457 2462 1871 1830 1799 1682 1652 1795 3.4143454939999955
2399 2459 2454 1872 1822 1792 1676 1655 1792 3.7463223669999977
2410 2461 2455 1864 1832 1797 1679 1648 1793 4.0145952949999995
2416 2462 2465 1869 1829 1791 1680 1656 1794 4.250354734999995
2411 2460 2476 1871 1826 1792 1673 1643 1795 4.415532868
2408 2452 2466 1863 1821 1801 1669 1634 1793 4.7898128679999985
2404 2465 2465 1869 1822 1800 1675 1643 1789 5.0562828539999956
2414 2468 2463 1865 1819 1796 1671 1631 1794 5.262440352999995
2397 2466 2466 1867 1824 1787 1676 1645 1794 5.510380589999997
2404 2465 2461 1877 1822 1794 1669 1639 1794 5.731303320999999
2403 2464 2459 1873 1821 1793 1680 1641 1792 6.062439987999994
2400 2461 2456 1868 1826 1795 1669 1640 1792 6.307423458999999
2398 2462 2468 1875 1820 1803 1678 1639 1793 6.6743921359999945
2421 2463 2466 1870 1821 1793 1671 1646 1793 6.882417487999994
2426 2459 2465 1854 1825 1796 1647 1652 1795 7.216963843999999
2393 2446 2451 1802 1834 1792 1625 1639 1797 7.463724364999997
2410 2455 2466 1839 1807 1796 1634 1619 1795 7.6837405199999935
2407 2471 2463 1869 1810 1797 1645 1592 1792 8.015750577999995
2404 2466 2456 1809 1828 1796 1648 1615 1794 8.319770546999997
2405 2457 2467 1878 1823 1795 1652 1653 1792 8.803560663999995
2402 2460 2468 1869 1825 1797 1662 1670 1794 8.967651343
2400 2461 2465 1876 1824 1794 1661 1660 1794 9.115600149999999
2407 2455 2459 1870 1824 1800 1665 1654 1790 9.474795098999998
2411 2467 2472 1872 1823 1795 1664 1663 1792 9.694814900999994
2409 2460 2456 1870 1819 1794 1650 1668 1794 9.934797614999994
